7 0.1027725505296397 0.030696851327128457 0.1394256979213294 0.016493830563830216
5 0.3880921488531848 0.03000960838696887 0.13655094126315767 0.014203020763298246
7 0.7549269948908593 0.0274897176063837 0.1969208310847641 0.01374485880319185
7 0.4458906541373972 0.09461044476197056 0.4470246603457053 0.09300687790159817
7 0.453436890365098 0.15875311917686585 0.5426103192299159 0.016035668603723855
2 0.11463092174459806 0.09667217358244934 0.2077011685529081 0.10720989866489643
2 0.7736688856304695 0.09575584966223653 0.22207495184376697 0.11545681394681152
1 0.0943795745130971 0.17887261734052415 0.09421193761342908 0.01004558897888657
7 0.23551893857519068 0.20315502618068634 0.4339329427333871 0.031918939915888754
7 0.23969137071685875 0.23100586591121658 0.32250446083239404 0.02253101641121539
4 0.23920308030993248 0.26742308821438326 0.43412929248123183 0.034766610045639294
4 0.24028300392306984 0.3015012505363465 0.431969445254957 0.04440487817710366
4 0.24433271747233504 0.3390216514766899 0.43466925428780046 0.04440487817710359
4 0.24460269837561938 0.38273808193011744 0.43304936886809436 0.05266625086121594
4 0.24811245011831592 0.4321342061038723 0.4368291015140753 0.05369892244672997
4 0.25054227824787506 0.47189206214616275 0.4352092160943692 0.039585744111371494
4 0.2529721063774342 0.504421217089855 0.4357491779009379 0.045437549762617664
4 0.2562118772168464 0.5531288935399339 0.4292696362221136 0.06299296671635624
4 0.2586417053464055 0.6047624728156356 0.4308895216418196 0.05679693720327208
4 0.26134151437924896 0.6534701492657145 0.43196944525495695 0.05714116106511028
4 0.2602615907661116 0.6865156400021636 0.4330493688680944 0.026849461223365127
4 0.26053157166939594 0.7169794517748278 0.4335893306746631 0.04647022134813156
4 0.26296139979895505 0.7632775611920403 0.4352092160943692 0.05782960878878598
4 0.26566120883179856 0.8021748575797361 0.4362891397075066 0.03924152024953329
4 0.26566120883179856 0.8360809079707802 0.4341292924812318 0.048535564519159774
4 0.2664711515416516 0.8764236336001532 0.43574917790093787 0.04956823610467381
4 0.26728109425150465 0.925131310050232 0.43196944525495695 0.06781210078208857
4 0.2829399866419968 0.9578325769248432 0.40389143131338473 0.023062998743147035
4 0.6730531261226544 0.21516959500933105 0.41955032370387707 0.05232202699937791
4 0.6765628778653509 0.2680079578014659 0.42009028551044575 0.05817383265062414
4 0.6800726296080474 0.32119054445543893 0.4238700181564266 0.050256683828349934
4 0.6808825723179005 0.35509659484648315 0.42117020912358305 0.025816789637850945
4 0.6854722476737345 0.38504407082639025 0.42279009454328936 0.0382088486640194
4 0.6873621139967249 0.4363334262402542 0.4211702091235832 0.06850054850576463
4 0.6903319039328527 0.4838363191738999 0.4260298653827013 0.0320128191509351
4 0.6919517893525589 0.5117184519827789 0.4206302473170146 0.03614350549299125
4 0.6938416556755491 0.5499273006467983 0.4222501327367204 0.053354698584891974
4 0.6960015029018239 0.6086174690901796 0.42117020912358316 0.0729754587096587
4 0.69762138832153 0.6543992427146352 0.4254899035761326 0.03235704301277323
4 0.7027510254839326 0.7024184714410379 0.42818971260897604 0.07400813029517267
4 0.701401120967511 0.7452743422398705 0.4254899035761327 0.027537908947041244
4 0.703021006387217 0.7643787665718803 0.42656982718926995 0.026505237361527066
6 0.8801284789417494 0.7710911318777214 0.045356791751770514 0.01514584992087265
7 0.6973514074182458 0.8053414061306037 0.14200995512756706 0.014113178335358469
4 0.7027510254839326 0.8239294946698563 0.42710978899583874 0.02925902825623126
4 0.7054508345167761 0.8924300431756208 0.42387001815642655 0.12564170957087456
