3 0.08130668291702906 0.03686600211996107 0.021443520769326332 0.011641895406303497
5 0.4940944577265613 0.026055670671250687 0.07683928275675278 0.015522527208404666
7 0.2694931303625108 0.05736490657530482 0.18429818296611555 0.02688388360954879
7 0.2704085186885015 0.07535060335634097 0.3008576298089238 0.018932312401090706
4 0.27040851868850163 0.13271550993164585 0.45220183303937644 0.1003412557257806
7 0.16232886314234019 0.1967067258473324 0.14035954331856482 0.015524496168894366
4 0.16476989867831524 0.2661883123593352 0.20992905609385348 0.13252618680763487
4 0.16660067533029646 0.3544128881484178 0.21237009162982848 0.05452505971514121
4 0.16843145198227777 0.3913308973305447 0.21114957386184094 0.030670346089766837
7 0.16812632254028087 0.42673432152058427 0.09336960925104526 0.015145849920872579
4 0.16934684030826844 0.4672494700589184 0.21298035051382225 0.06891361713997014
4 0.1696519697502653 0.5276435466183977 0.2123700916298285 0.058690168443381124
7 0.17148274640224656 0.5728917732570045 0.08543624375912641 0.014388557424828932
4 0.17056735807625592 0.5988290412464988 0.2105393149778472 0.03445680856998514
4 0.17270326417023413 0.6243876629879712 0.2123700916298285 0.02120418988922154
7 0.17209300528624033 0.6510822234735092 0.11839022349478945 0.012495326184719886
4 0.1739237819382216 0.6931119570039306 0.21114957386184094 0.06550580090777387
4 0.17636481747419666 0.7567245266715952 0.213590609397816 0.06626309340381752
7 0.1760596880321998 0.8152253719909655 0.17514429970620912 0.02271877488130869
4 0.17911098245216858 0.8415365452028708 0.21053931497784725 0.024612006121417947
4 0.17941611189416545 0.8648232894562123 0.21114957386184094 0.01968960489713453
4 0.18063662966215296 0.8975761899100994 0.21237009162982848 0.05035995098690123
4 0.18216227687213737 0.9350621684642588 0.20931879720985969 0.020825543641199717
4 0.18399305352411865 0.9556983889814478 0.20809827944187215 0.019689604897134387
7 0.34693919947931534 0.1906860770744887 0.13970778683045953 0.016631279151862122
7 0.38308452804882376 0.20479746544576563 0.10802985842122745 0.017639235464096216
4 0.3883641827836958 0.232768253110261 0.2144352076932635 0.043342121426065
4 0.3863335463472065 0.305845085747231 0.21524746226785907 0.11389906328244973
4 0.3883641827836958 0.3917733613651855 0.21605971684245492 0.05392566270452271
4 0.39039481922018504 0.4522507400992296 0.2119984439694764 0.056949531641224876
4 0.39039481922018504 0.5401949283416521 0.2087494256710936 0.101803587535641
4 0.3936438375185678 0.6034441869343399 0.21362295311866775 0.026710842274202805
4 0.3940499648058657 0.6256192258034895 0.21605971684245492 0.02066310440079839
6 0.4752754222654351 0.6384706687844738 0.050359783624933104 0.014111388371277017
7 0.3940499648058656 0.6588817841072137 0.10884211299582311 0.009575584966223545
4 0.39486221938046134 0.7060037417041565 0.22093324429002906 0.0836603739154279
6 0.4289769115134805 0.7541336556133332 0.12671171363692849 0.013607410215159916
7 0.3968928558169506 0.777745633152388 0.13564651395748106 0.011087519434574773
6 0.4785244405638178 0.8341911866374957 0.05035978362493303 0.017135257307979258
4 0.39851736496614193 0.8082363115974683 0.21524746226785915 0.04686996851888423
0 0.40055156577053547 0.9104488774067983 0.21297883524101346 0.12543865112306152
0 0.7308309270199245 0.11470593231039321 0.4605532173232069 0.18916416907328004
0 0.7367770366332522 0.32432934662032237 0.46163432816199373 0.2421569682108302
0 0.7383987028914325 0.5255678243578543 0.4583909956456332 0.15629521770948315
0 0.6210981768830571 0.6679565117330722 0.22378994362888227 0.11805990693935207
0 0.8513747855446604 0.6709750888991353 0.22595216530645587 0.12409706127147821
0 0.6205576214636637 0.7742775074710682 0.21622216775737413 0.079824596169221
0 0.8519153409640539 0.7816562516547779 0.21838438943494792 0.08653254542713867
0 0.6270442864963848 0.8973683763538587 0.21838438943494778 0.15025806337735703
0 0.856780339738595 0.8772445285801055 0.2302766086616036 0.09256969975926481
2 0.8611047830937423 0.9523735602687842 0.225952165306456 0.04561405495384065
