5 0.07262435037058391 0.028777114849657864 0.13994765326886244 0.04089379478635591
7 0.13901655205784078 0.07046477976458024 0.2051505371782188 0.028398468601636057
4 0.1448477042773767 0.11533436015516521 0.2125720036394463 0.04922401224283581
4 0.14325739003568508 0.16190784866184832 0.21151179414498525 0.04392296477053039
4 0.14180301988416935 0.23460792828203658 0.21363221313390746 0.09996260947775884
4 0.1396826008952472 0.3112837935064539 0.21469242262836855 0.0503599509869013
4 0.13862239140078608 0.3580466051371479 0.21363221313390743 0.04089379478635585
4 0.13809228665355555 0.4260136066570636 0.21575263212282964 0.09276833076534445
4 0.13809228665355555 0.5021215025094481 0.21575263212282964 0.0571755834512939
4 0.13544176291740284 0.5912926939185853 0.21575263212282955 0.11662304439071854
4 0.1359718676646334 0.693905827132497 0.21999347010067394 0.08557405205292995
4 0.13438155342294178 0.8095822559031609 0.22317409858405718 0.14426422049631113
4 0.12828534882979054 0.9318436753560733 0.2226439938368266 0.09844802448567165
4 0.37160342780860817 0.5825425115559502 0.2194633653534434 0.0677776783959046
4 0.369483008819686 0.6349850169069714 0.21522252737559908 0.03483545481800696
4 0.36789269457799434 0.6900780459941452 0.2194633653534434 0.075350603356341
4 0.3663023803363028 0.7995068116724495 0.21946336535344335 0.13896317302400576
4 0.3641819613473806 0.9024985911343828 0.2173429463645212 0.06853497089194846
4 0.3636518566001501 0.9594848514616658 0.2194633653534434 0.04619484225866131
6 0.43415578798181187 0.9799317488548437 0.08375655006242524 0.013631264928785356
7 0.27353736219552394 0.15616896401968583 0.03673625898307645 0.1990921972098698
7 0.5363318906118331 0.07124418479654442 0.29249059533192256 0.024282583885638927
4 0.4153864772569396 0.1990947142948125 0.21773723915171744 0.21435758669003513
4 0.41472932261161255 0.3311515049272138 0.2155467236672936 0.05038185614174548
4 0.4136340648694008 0.39436352319201246 0.2159848267641785 0.07541631882087366
4 0.4116626009334194 0.4675893265284624 0.21554672366729352 0.06915770315109164
4 0.41166260093341944 0.512338428567404 0.21204189889221584 0.01783705465887877
4 0.6494004460987298 0.18636818649771336 0.21469242262836843 0.1866726002747543
4 0.6494004460987298 0.3179477576852937 0.21787305111175165 0.07648654210040647
4 0.6459547652417313 0.3861040823292201 0.21628273687006028 0.05755422969931573
4 0.6451596081208855 0.4654304712897901 0.21363221313390746 0.0988266707336934
4 0.643834346252809 0.6416902997439446 0.21840315585898218 0.24914923119835358
4 0.6435692938791938 0.7914448908365719 0.2178730511117518 0.048088073498770284
4 0.6419789796375022 0.8775869122615347 0.21575263212282964 0.12116679936698048
4 0.6417139272638869 0.961188759577764 0.2184031558589824 0.04430161101855205
7 0.8756904367744385 0.07004955588403558 0.139417548521632 0.012873972432741673
4 0.8746555927921323 0.23175195529386797 0.18394194741959538 0.3015805286204335
6 0.9235515534986071 0.38392815953340664 0.10012030049421014 0.012750647349760981
7 0.875267341424138 0.6357787054263337 0.1922584664841313 0.018620674720011835
4 0.8757964577238846 0.7254301725986353 0.22391624523017994 0.13953114239603848
4 0.8743386696690004 0.8158130320014425 0.21983443867650465 0.0437336416465196
4 0.8720062087811863 0.8732915324511538 0.22100066912041214 0.07455544623549513
6 0.9443124963034317 0.9164004077884375 0.07988678540764198 0.013328347930367811
2 0.8714230935592326 0.9550168257350086 0.22216689956431934 0.06497569616054336
2 0.45490926601061765 0.99271105972558 0.2781459608718641 0.014577880548839914
