2 0.12231813639179878 0.06580871790619126 0.16346663388765734 0.09496447900387092
7 0.38487955595892315 0.06757888911569325 0.25855912056644287 0.06826613205585284
2 0.6502591809048167 0.06620440323537408 0.16555224266484467 0.09667217358244934
7 0.12794565215538725 0.1377328180781797 0.17786349370394625 0.008699052583844331
7 0.12174111167734264 0.189574469287306 0.2099998315645877 0.04561124868285944
4 0.12090899393112625 0.266807949660086 0.20872710531268113 0.09380870218794278
4 0.11852263220880141 0.35697245414398593 0.2090452868756578 0.0860500877212708
4 0.11390242313682393 0.4879051367310117 0.21007153488707647 0.1693366604553237
4 0.1111742213850437 0.6632895350597399 0.21279973663885665 0.17740031095319617
4 0.10912807007120855 0.7676130133759659 0.20870743401118635 0.019151169932447375
4 0.10537679266251077 0.8465386514623628 0.2025689800696809 0.06602113845133147
4 0.11560754923168655 0.9264191892069129 0.18347156780721938 0.07962854866649138
7 0.22746382105467533 0.833939197559437 0.0238717653280769 0.2716442261470813
7 0.5009660466706418 0.1757437256705899 0.24212790547049395 0.03477449277207541
7 0.7048991276162127 0.14071724382045597 0.089348607370802 0.013103432059042887
4 0.37683286696464163 0.24478873305862361 0.22848689671159264 0.0851723083837789
4 0.37410466521286184 0.33323689945716317 0.22985099758748306 0.08668424285212989
4 0.3730815895559443 0.4340325306805702 0.23053304802542815 0.1128911069702157
4 0.3481867485709498 0.5373480526845621 0.22848689671159284 0.07761263604202334
4 0.35807647992115305 0.6305840115662137 0.25372276291556 0.10079563122340701
4 0.6060018141141783 0.2191550110584211 0.21484588795269124 0.035920777007843845
4 0.615753433755159 0.2864681382727792 0.23546581113898676 0.09419216583021982
4 0.6132124357932274 0.38253788880393375 0.23377181249769913 0.09481802739719797
4 0.6110949374916046 0.5451054308265211 0.24054780706284568 0.22468430254517519
4 0.5278089271272488 0.6662537112939597 0.07368894089601376 0.010952577422118566
6 0.7071610332735813 0.6751722386233991 0.06648944667054124 0.011265508205607944
7 0.3604961255229525 0.9029288709616802 0.07220669208488716 0.011703611302492476
7 0.3581668773911819 0.927885100944936 0.21755177550736957 0.01893231240109074
7 0.3583998022043591 0.9433751747276468 0.12391600061019332 0.008605596545950221
7 0.36049612552295257 0.9631680467833326 0.11320145920404887 0.012392059026168595
7 0.573389404766781 0.9452684059677557 0.1737619106300832 0.01376895447352041
7 0.7268161322071868 0.8204005116382932 0.024801834107092732 0.2336625996542614
2 0.4465554067970375 0.9910658417779252 0.28522109223156766 0.017868316444149455
7 0.8842363678510036 0.058518056512462155 0.2054396852221626 0.06127184740716627
4 0.8840034430378264 0.10670939716978392 0.2077689333539331 0.022718774881308832
4 0.881907119719233 0.19052790752733997 0.20823478298028733 0.14216445493909924
4 0.8805095708401706 0.29930264786815197 0.20637138447487088 0.07400813029517274
4 0.8798107964006396 0.3922430905644154 0.2049738355958088 0.10843051647897398
4 0.8791120219611085 0.4843229736060838 0.20637138447487102 0.07504080188068678
4 0.8779473978952231 0.5359565528817857 0.20870063260664168 0.026849461223365054
4 0.8788790971479312 0.5619454544505557 0.20870063260664168 0.025816789637850945
6 0.9291908567941752 0.5801893191279703 0.10807711331415376 0.010670939716978295
7 0.8774815482688689 0.6256268688905879 0.20590553484851695 0.04991245996651173
4 0.8756181497634521 0.6762277765807757 0.20963233185934954 0.04715866907180793
4 0.8751523001370984 0.7314757064057769 0.20963233185934954 0.061960295130842266
4 0.873987676071213 0.7879284197472108 0.20637138447487074 0.050945131552025916
4 0.8728230520053277 0.8600433188022746 0.20870063260664126 0.09121932338707339
4 0.8721242775657967 0.9335647946652635 0.2073030837275792 0.05094513155202577
4 0.8024797584258572 0.9676429569872268 0.07080914320582479 0.008949820407788422
6 0.9401383230134968 0.9681592927799838 0.072206692084887 0.00929404426962634
