7 0.24581500900393238 0.07251381215469613 0.4143432029498598 0.10359116022099447
7 0.2340073011478482 0.1346685082872928 0.1202239345346743 0.017955801104972354
2 0.9048997929708077 0.0835635359116022 0.13525192635150873 0.10635359116022097
2 0.648350504097708 0.08563535911602209 0.3477906677610222 0.11325966850828725
7 0.10259580346244031 0.1526947178262827 0.1448485349645593 0.013845477244706946
7 0.4932729949097089 0.15349349535963117 0.18126759518421984 0.010117848755747385
7 0.8601177005199397 0.153759754537414 0.2185143613179639 0.00958533040018173
7 0.07159656156819645 0.17662994485828115 0.09684159194773394 0.014377995600272584
7 0.14484853496455932 0.19367053223638198 0.21851436131796376 0.014377995600272584
7 0.4991440139162818 0.17886740331491707 0.3112941162058532 0.01795580110497237
7 0.3799935073685242 0.21477900552486184 0.22756673322634785 0.02624309392265193
4 0.6192387254034479 0.9220851800531904 0.22927453820104532 0.06603227609014084
7 0.6172210924771225 0.21616022099447513 0.22541987725251425 0.02900552486187845
4 0.6165257514066844 0.8512611892879414 0.227947899439012 0.056603325030254295
7 0.8544713657333725 0.18574330711404055 0.18929006853999822 0.03258979319923739
4 0.14260238772493472 0.23328001405212828 0.22772164241346166 0.06258615669782046
4 0.14193912080528387 0.2863360059800534 0.22904817625276336 0.04523272234069751
4 0.14260238772493472 0.3164911542071851 0.22772164241346166 0.01735343435712295
4 0.1434867436178025 0.3339868298295303 0.22860599830632944 0.019913777131124633
4 0.14437109951067026 0.3573143973259905 0.22683728652059365 0.026741357861796374
4 0.14392892156423642 0.39600402146646146 0.2277216424134616 0.05177582054092419
4 0.14238129875171776 0.4406677787462698 0.22904817625276336 0.03584479883602455
4 0.14326565464458557 0.47196085709518004 0.22639510857415993 0.025034462679128212
4 0.1437078325910195 0.4981332498960868 0.22551075268129211 0.0278792879835747
4 0.1430445656713686 0.5187582333533232 0.22418421884199038 0.018491364478901387
4 0.14348674361780253 0.5856116280078131 0.225952930627726 0.1146464597691893
4 0.14459218848388733 0.6567322606189725 0.22639510857415995 0.027594805453129964
4 0.14437109951067031 0.692577059454997 0.2268372865205938 0.04466375727980832
4 0.1448132774571042 0.7361028866130269 0.22506857473485817 0.041818931975361975
4 0.14437109951067031 0.7931416339671771 0.22595293062772598 0.07055166755027031
4 0.14392892156423642 0.8521717590344394 0.2277216424134616 0.044094792218918995
4 0.1430445656713686 0.8910036244401326 0.22683728652059382 0.03356893859246739
4 0.14348674361780253 0.9255682518891561 0.22683728652059382 0.03385342112291184
4 0.11363973223351387 0.9470466829377264 0.14680307821605681 0.009672406035117688
6 0.24503474639328485 0.9478437623389098 0.01870780188802584 0.011492037598086568
4 0.37864552703624715 0.26523821507464335 0.22657051800745603 0.04253345120847715
4 0.37897774187203515 0.33106888327670847 0.22657051800745606 0.08912788519565311
4 0.38066906421177377 0.44042835093770805 0.22714681108309753 0.13049213671495571
4 0.38164185569392844 0.514280015841136 0.2242284366366337 0.017211193091900653
4 0.3813986578233898 0.5504235213341275 0.22374204089555644 0.05257237162616924
4 0.37920987698854197 0.6417993101129454 0.2271468110830975 0.12767575966355374
4 0.38018266847069654 0.7239436407788348 0.2252012281187884 0.035361178534268733
4 0.38018266847069654 0.768536277426032 0.2252012281187884 0.05382409476012569
4 0.38042586634123515 0.8348776035257215 0.2256876238598657 0.0788585574392539
4 0.3804258663412351 0.9145698961074749 0.22471483237771103 0.07948441900623208
4 0.6158414050226466 0.2646126588006092 0.22763320682417473 0.04568789438940897
4 0.6158414050226466 0.3128039994579311 0.22763320682417473 0.05194651005919099
4 0.6173005922458786 0.37867592938238714 0.22568762385986565 0.07979734978972111
4 0.617786987986956 0.462384913965722 0.22666041534202017 0.08636889624299222
4 0.617786987986956 0.5363930442608946 0.22471483237771095 0.06164736434735318
4 0.6173005922458785 0.5795774923823908 0.22666041534202022 0.024721531895639116
4 0.6185165815985719 0.6099317783808337 0.22714681108309762 0.0347353169672904
4 0.617057394375339 0.6398166682040405 0.2261740196009447 0.026286185813084607
4 0.6175437901164172 0.6737696582126105 0.2281196025652521 0.042245655771028796
4 0.6190029773396492 0.7117907484065366 0.22714681108309748 0.03567410931775782
4 0.6182733837280332 0.7397980535288111 0.23055158127063868 0.0184629162258571
4 0.6192461752101878 0.7571657120124565 0.2286059983063295 0.016272400741433445
4 0.6187597794691105 0.7915880981962579 0.22763320682417487 0.05257237162616903
4 0.853351684065195 0.24537698438215358 0.22811960256525224 0.061960295130842266
4 0.8545676734178883 0.3477053505830901 0.22666041534202022 0.1408188525700961
4 0.8562700585116587 0.4528500938354285 0.2281196025652521 0.0694706339345808
4 0.8560268606411202 0.5398448516453989 0.22568762385986546 0.10389302011838197
4 0.8577292457348906 0.6352887406095752 0.23006518552956123 0.08636889624299222
4 0.8574860478643521 0.7745429392622257 0.23152437275279325 0.19151363949533048
4 0.8533516840651949 0.8997152526578667 0.22714681108309748 0.038177555585670576
4 0.855297267029504 0.9372669466765592 0.2290923940474066 0.036925832451714345
