3 0.056835419691333045 0.04890929417862242 0.0218560219886548 0.013568799865466028
5 0.5358465682760173 0.04654950289767182 0.058282725303079416 0.01238890422499071
7 0.17886487579465565 0.07840668519050509 0.2504335852866696 0.01710848678689196
4 0.17806456831325362 0.12070590934028848 0.30548758006869775 0.04478240271804004
4 0.17951335764962276 0.15596869950449363 0.3034178810167418 0.026815810010802413
4 0.178892447934036 0.1830526676154041 0.30465970044791535 0.027352126211018478
4 0.17702971878727566 0.21362269102771886 0.30755727912065367 0.03217897201296289
4 0.1788219980889938 0.2530419317435984 0.30465970044791535 0.04558687701836405
4 0.17861502818379818 0.31445013666833593 0.3034178810167418 0.07883848143175917
4 0.1790289679941894 0.3632549108879962 0.3042457606375242 0.019307383207777706
4 0.17944290780458058 0.38443940079653016 0.3067293994998713 0.025743177610370368
4 0.178201088373407 0.4112552108073325 0.3042457606375242 0.026815810010802396
4 0.1769592689422334 0.4414229970694852 0.30590151987908887 0.03351976251350301
4 0.1775801786578202 0.48044000063520287 0.30300394120635055 0.04290529601728387
4 0.19082625259033828 0.5077921268462212 0.27899543220366163 0.011798956404753013
4 0.4951227440269865 0.08753563726575538 0.3052369604754182 0.036213704270252514
4 0.49467908565420243 0.1680105356440943 0.3061242772209864 0.12243680967561568
4 0.4929044521630663 0.2812502140764712 0.3096735442032586 0.10634182999994785
4 0.4929044521630662 0.37178447475210247 0.3025750102387141 0.0724274085405051
4 0.4929044521630664 0.42897913467099336 0.30434964372985013 0.04541083551349118
4 0.49334811053585026 0.4769766633466455 0.30346232698428216 0.052883504648622764
6 0.568322749080461 0.5055515745539162 0.13163285970439823 0.010994482104428868
7 0.8150004308042779 0.07342102410535892 0.26743726711421817 0.01896908318917987
7 0.8101201887036535 0.09744852947832011 0.07222758308924142 0.010116844367562603
4 0.8104718626550487 0.11333757979294695 0.30633036152265447 0.01963051371840793
7 0.7677729363636714 0.12939890919891706 0.2198306011646386 0.010350634506069642
4 0.8101963857112332 0.15438319938598166 0.3068813154102851 0.036762598418109374
4 0.8093699548797872 0.19471498211652882 0.3052284537473929 0.043900967042984934
4 0.8104718626550484 0.26449253542468787 0.30522845374739305 0.09708181329830826
4 0.7584067202739498 0.31749492246438926 0.15481804242421915 0.008922960781094532
7 0.8117848242511237 0.3380703633595561 0.18186326686023377 0.012351519231622206
4 0.807384906504505 0.38272585596619035 0.3079942422632989 0.06935853106987892
4 0.8081182261289416 0.4402079262364324 0.3050609637655532 0.04655572633457623
4 0.8077515663167233 0.48533847727505225 0.30432764414111674 0.0418051420147215
4 0.8077515663167233 0.5290438530177156 0.30432764414111674 0.04465549260663423
4 0.8073849065045051 0.5687112320885024 0.3050609637655532 0.03467926553493939
4 0.8088515457533779 0.6041030852714201 0.3035943245166804 0.036104440830895895
4 0.8077515663167233 0.6307063574626065 0.30579428338998965 0.017102103551477014
4 0.8077515663167233 0.6480459902300763 0.30432764414111674 0.016627045119491514
4 0.8095848653778144 0.6703737365333935 0.3035943245166803 0.025178096895230054
4 0.8077515663167233 0.7007774761804635 0.30726092263886245 0.03467926553493939
4 0.8103181850022508 0.7416325013312141 0.3035943245166804 0.04418043417464887
4 0.8092182055655962 0.783912701777921 0.30726092263886245 0.04418043417464887
4 0.8106848448144691 0.8245301977126789 0.3101942011366081 0.03515432396692489
6 0.8799835493237111 0.8454327687200396 0.14079736789179392 0.009501168639709335
4 0.8084848859411597 0.8705465772839588 0.30872756188773537 0.02992868121508465
7 0.8051849476311959 0.8933493820192615 0.2537285900550035 0.014726811391549717
4 0.8103181850022508 0.9114016024347095 0.30946088151217166 0.019477395711404312
4 0.8095848653778144 0.9377673454099031 0.30799424226329875 0.036104440830895895
7 0.8081182261289415 0.9669834389770096 0.18186326686023363 0.009026110207723832
7 0.8077515663167233 0.9764846076167188 0.30579428338998965 0.0109263439356657
4 0.17861686088285367 0.5358897646380656 0.3084313007594632 0.016439872097289195
4 0.17617673983254145 0.5532780908948138 0.3055031554990885 0.017072174870261848
7 0.17715278825266637 0.5665564301057053 0.30745525233933835 0.010749185183605046
4 0.17910488509291614 0.6784740399434012 0.3055031554990886 0.21308603449178748
7 0.16348811037091798 0.7900754793730761 0.27817379973559175 0.013910661005398452
4 0.1776408124627288 0.8820755328405986 0.30647920391921346 0.16882484038370107
4 0.17910488509291614 0.9766047974000116 0.3055031554990886 0.0202336887351251
4 0.4929044521630661 0.5602334213975132 0.30257501023871375 0.07271481889185616
7 0.4929044521630662 0.6060753724380311 0.2967187197179647 0.013910661005398523
4 0.49485654900331594 0.7053469077947392 0.3064792039192135 0.178309381978291
4 0.4914403795328788 0.8311751596162992 0.30550315549908846 0.07208251611888372
4 0.4929044521630661 0.9288659380405755 0.30257501023871375 0.11191759081616112
