3 0.05838776147037395 0.02743462444716098 0.03140858892889083 0.014109235429968501
5 0.5367647313104034 0.02769590658475299 0.08134019184148648 0.01672205680588859
7 0.18160607188371486 0.05931104523338611 0.2923414815689068 0.01724462108107261
4 0.18482746562001137 0.1173156797788122 0.30683775338224106 0.08204259120389093
4 0.1832167687518631 0.20066468167066315 0.3036163596459445 0.0815200269287069
4 0.18281409453482603 0.27094957668291364 0.30442170808001867 0.05904976309579407
4 0.18281409453482603 0.33809908604406 0.30764310181631516 0.0721138699753945
4 0.18120339766667776 0.4154385987712948 0.3044217080800186 0.07942976982797084
4 0.18160607188371486 0.4838945188204013 0.30039496590964804 0.05330155606876986
4 0.49649730960669713 0.07812335914001078 0.3020056627777962 0.05382412034395391
4 0.49569196117262293 0.13821825078617292 0.30361635964594447 0.06323027729726621
4 0.49448393852151185 0.23672161665836045 0.3044217080800186 0.13273132589674067
4 0.4803903409252147 0.30674522953301886 0.21824942563408756 0.009406156953312319
4 0.49810800647484543 0.32137702923817146 0.30200566277779634 0.018812313906624675
4 0.4977053322578084 0.3441085752086762 0.30442170808001867 0.025605649484016838
4 0.49730265804077134 0.42980911633885527 0.30361635964594463 0.14161491857486902
6 0.5685759944563312 0.506103500515722 0.1449627181333422 0.01201897832923244
7 0.8166233121511612 0.05695950599505803 0.16912317115556605 0.012541542604416448
4 0.8129992441978277 0.15363389690410145 0.30683775338224106 0.15154363980336538
4 0.8113885473296795 0.2777429122603059 0.30522705651409265 0.09667439090904352
4 0.8121938957637537 0.37154319965583726 0.30683775338224095 0.08988105533165118
4 0.8118176772427762 0.5309699305760639 0.3101060989322443 0.21422417948313807
4 0.8119784650576389 0.679087295175585 0.307640685771013 0.06746670587618311
7 0.8097412437145276 0.7165747865870722 0.24599733986264125 0.009976227071694979
4 0.8086430413044268 0.732251693405852 0.30969307964850373 0.01852727884743331
4 0.8071787714242911 0.7583799214562136 0.305300270008099 0.0346792941172606
4 0.8101073111845615 0.7864083546521959 0.31115734952863844 0.01852727884743345
4 0.8073618051593088 0.8216061615283227 0.30683775338224106 0.03710206353806555
4 0.8093751762444942 0.8790882317985647 0.31247519242075994 0.07472669135131468
4 0.8073618051593088 0.9316059414545584 0.305227056514093 0.021947699557728698
7 0.8109858731126423 0.9572115909385752 0.3156965861570565 0.02194769955772884
4 0.18241142031778895 0.5579724846979851 0.30522705651409276 0.07629438417686657
7 0.18120339766667776 0.6070935265652829 0.2641542863763125 0.01672205680588853
7 0.18120339766667776 0.6423666151402042 0.29797892060742565 0.03605693498769725
4 0.17919002658149247 0.692794067695462 0.30683775338224106 0.06479797012281821
4 0.17838467814741837 0.7703948625602887 0.30683775338224106 0.0872682339557312
4 0.1779820039303813 0.8589695072039799 0.3060324049481669 0.08674566968054705
4 0.175968632845196 0.9284705558034543 0.3036163596459446 0.04703078476656188
7 0.4284453669274337 0.5268799103245361 0.1739552617600107 0.01619949253070466
4 0.4960946353896601 0.583839416319594 0.30764310181631516 0.09458413380830734
4 0.4960946353896601 0.6716302145505092 0.306032404948167 0.07995233410315478
4 0.49448393852151185 0.7654305019460407 0.30764310181631516 0.10451285503680381
4 0.4932759158704007 0.8409410397101311 0.3020056627777963 0.045463091941009705
4 0.4928732416533636 0.9080905490712776 0.30764310181631516 0.08465541257981102
