5 0.4954841781045214 0.04520998437459447 0.08078138651345064 0.01677896327304538
7 0.17476804136664095 0.05902683141882461 0.2777280657367165 0.01433021340803834
6 0.27984006623661545 0.6353061277563666 0.0696960164966665 0.01501260452270671
7 0.40180809510578186 0.06346237366416979 0.1341120317435854 0.01364782229336983
4 0.48840011560164015 0.5322650694414243 0.3009600712356053 0.07506302261353412
4 0.48998411597656444 0.6158579809883146 0.30201607148555487 0.04981455137079997
4 0.8083681913363364 0.6155167854309803 0.3115200737351003 0.05186172471480546
7 0.7159681694657558 0.0634623736641698 0.1267200299939391 0.01364782229336985
7 0.8078401912113616 0.08768725823490131 0.22598405348919143 0.014330213408038368
7 0.1277760302438886 0.6669931360417755 0.22176005248939343 0.013647822293369955
7 0.17160004061679252 0.7048658429058768 0.21436805073974696 0.040261075765441204
6 0.8833442090827504 0.9498442530718657 0.1320000312436865 0.019789342325386202
4 0.17482127435719758 0.08840876420443047 0.3023443891588578 0.03714730562830817
4 0.17482127435719758 0.1207363244822303 0.30016139717937146 0.026097157751532995
4 0.174639358358907 0.16905133275196021 0.3041635491417631 0.07147329690509925
4 0.1753670223520691 0.21419236237623346 0.3056188771280872 0.017868324226274837
4 0.17372977836745424 0.24499171071362835 0.305255045131506 0.043730372448514576
4 0.1744574423606165 0.2811985782247641 0.3052550451315062 0.028213143515170742
4 0.17409361036403545 0.3125857003853916 0.30525504513150625 0.035031319864670396
4 0.17482127435719758 0.36090070865512147 0.3052550451315063 0.0611284776162033
4 0.17409361036403545 0.42238185056526434 0.3067103731178305 0.06089336808691023
4 0.17263828237771123 0.4835103281814676 0.3088933650973168 0.060893368086910156
4 0.17427552636232593 0.5271231458653358 0.304163549141763 0.026332267280826115
4 0.1744574423606165 0.5508692083239378 0.303799717145182 0.020219419519205674
4 0.17354786236916386 0.5733221683714279 0.3063465411212494 0.026567376810119184
4 0.17372977836745437 0.6088237072946845 0.30525504513150625 0.043965481977807815
4 0.4906225331805817 0.1334911586667724 0.3072852276724285 0.11123266940385367
4 0.4899621781067871 0.2036161024213758 0.3059645175248393 0.029017218105353102
4 0.4895219413909239 0.31854704472100825 0.3059645175248391 0.19913777131124985
4 0.4897420597488555 0.4536762466822131 0.30552428080897637 0.07055166755027038
4 0.8062958450202455 0.15418953150099413 0.30552428080897626 0.08989647962050577
4 0.8065159633781771 0.22132740868592882 0.30596451752483944 0.04437927474936363
4 0.8062958450202454 0.3116506121021016 0.3046438073772501 0.1339912718394248
4 0.8062958450202455 0.4423703348414129 0.30728522767242866 0.12574127845653024
4 0.8054153715885193 0.5383831888664784 0.3064047542407023 0.06514649947182213
6 0.898305318635629 0.5648400641978298 0.1082982321023171 0.015077574113565789
4 0.1723526742603951 0.8100444161152245 0.309486411251744 0.14707746823987805
4 0.17367338440798438 0.9099612791142719 0.30772546438829174 0.0571809886193725
4 0.1738935027659159 0.9470862493372973 0.3064047542407024 0.02048274219201417
4 0.4895513943311176 0.769162679112866 0.30494332286712433 0.2167106071303249
4 0.48838153503623105 0.9153163443868059 0.30416341667053337 0.07458876710532124
4 0.8034636384590398 0.6885261741341404 0.3041634166705333 0.05644555348510792
4 0.8046334977539265 0.8288840906127345 0.3018236980807599 0.2232623231598464
3 0.6662389672033481 0.9536460842880952 0.0314769251842101 0.013456023690031316
