5 0.4773910755081134 0.031138253551951385 0.0762652409413883 0.01282657766360773
3 0.9386491192786255 0.03018813668798044 0.024932867230838412 0.013776694527578673
7 0.17673002948917868 0.058929171823101464 0.2786614572858419 0.01710210355147697
4 0.1741634108036512 0.08862032382219344 0.3043276441411168 0.018527278847433378
4 0.1763633696769605 0.12068676798121278 0.30726092263886257 0.04370537574266338
4 0.1741634108036512 0.17246813706762917 0.30286100489224393 0.05890724556619846
4 0.17233011174256013 0.31997378019911804 0.30212768526780753 0.2285031057850118
4 0.17306343136699656 0.4824437639381493 0.3006610460189347 0.09738697855702164
4 0.1741634108036512 0.5765053334712726 0.30286100489224393 0.08788580991731208
4 0.17233011174256013 0.6425384555172532 0.30506096376555325 0.04418043417464901
4 0.17453007061586942 0.6962200583316115 0.30506096376555325 0.06223265459009667
6 0.061965508264878004 0.7318494407305219 0.05646561108160482 0.009976227071694837
6 0.24016217700292955 0.7316119115145292 0.1517971622583402 0.012351519231622064
7 0.07086111530106655 0.7521762831821289 0.10156759859819539 0.011476295329453734
7 0.1753812603701397 0.7716859852422001 0.14998936072059083 0.016831899816532284
4 0.17276057036210435 0.7913400849190214 0.3064792039192134 0.021498294281070685
4 0.17324859457216682 0.8754363537243856 0.30940734917958806 0.1517526655134391
7 0.4938805005831912 0.05944962520316415 0.16788032826148006 0.02213059705404321
4 0.4909523553228166 0.09802009435449659 0.30452710707896363 0.03730586360538709
4 0.4899763069026918 0.1324805954815067 0.3084313007594631 0.02908592755674249
4 0.48704816164231707 0.18306481731931976 0.3084313007594632 0.07081791057293828
4 0.487048161642317 0.24850815432199036 0.30257501023871375 0.060068763432402965
4 0.487048161642317 0.308260766367907 0.30257501023871375 0.05690724956753975
4 0.5002513177639907 0.3402330744850138 0.2767892045440711 0.007454432534933772
4 0.4878113535148189 0.3530264924841569 0.3016691330424145 0.01813240346335249
4 0.4867228566430164 0.370554482498731 0.30198013214864383 0.016923576565795743
4 0.46246492635713143 0.3834486360726706 0.19997242530543546 0.008058845983712147
4 0.4878113535148189 0.39704793867018495 0.3029131294673316 0.016319163117017154
4 0.43229801305289 0.4096398855197353 0.1415045933343285 0.008864730582083454
4 0.4878113535148189 0.4229369813928605 0.3029131294673316 0.01934123036090938
4 0.48547886021809916 0.4367377551399676 0.25035428051458114 0.007454432534933702
4 0.4879668530679335 0.4502363221626856 0.30322412857356085 0.018736816912130933
4 0.4941868351925194 0.46635401413011013 0.26341624297621125 0.011483855526789953
4 0.48874435083350676 0.4883143694357258 0.30602312052962455 0.034854508879555296
4 0.487438444088719 0.5148400128661217 0.3078056430068885 0.017993408517248354
4 0.48789377788014926 0.5332758822485484 0.30416297267544595 0.018878330247604894
4 0.4885767785672948 0.5502368820803808 0.30643964163259746 0.01799340851724857
4 0.4906155831910612 0.5729391226292275 0.30847908168441407 0.026697498657034798
4 0.49000953391466745 0.6006181469721827 0.30605488457883906 0.026304888382666577
4 0.4897065092764706 0.6367382922140533 0.30666093385523285 0.043579740454865575
4 0.4903125585528643 0.66834341930069 0.3054488353024453 0.0180600726209353
4 0.4906155831910612 0.6867961021959934 0.3072669831316266 0.018845293169671606
4 0.4481921338434993 0.6997522412501428 0.1715119452194287 0.007852205487363192
4 0.4897065092764706 0.7209531960660231 0.30666093385523285 0.03297926304692524
4 0.4394044193357901 0.7480433049974263 0.1563607133095851 0.017274852072198855
4 0.4888308616493219 0.7815681329730799 0.3065276030144263 0.0198574424569928
4 0.4900408390296419 0.8220668642998414 0.3073342546013062 0.062185148746898164
4 0.4884275358558818 0.8711879061671394 0.31056086094882646 0.038147192088433285
4 0.48802421006244173 0.9205702301720291 0.304914299840666 0.06166258447171415
4 0.8020189868166169 0.10245841048632308 0.3070648329712884 0.09807016008806001
7 0.8073872531273039 0.4916091521123485 0.1889629741361776 0.02225705760863782
4 0.806127263348597 0.526210010678617 0.3061242772209862 0.028166214432418714
4 0.8069733054685938 0.5715716181776979 0.3072669831316263 0.06242503362453711
4 0.8069733054685938 0.6161328843184839 0.3072669831316263 0.02826793975450748
4 0.8069733054685938 0.6418488572895983 0.3072669831316263 0.027090108931402953
4 0.8039430590866252 0.6601052350477176 0.24908625259782738 0.010993087682308413
4 0.8060642315540031 0.673061374101867 0.30787303240802016 0.0180600726209353
4 0.8072763301067906 0.6879805645278568 0.25454069608537094 0.012563528779781024
4 0.8093975025741688 0.7015256189935584 0.3048427860260514 0.01845268289530338
4 0.8060642315540032 0.7252785405928318 0.3066609338552325 0.02669749865703494
4 0.808791453297775 0.7507982084267621 0.30605488457883895 0.026697498657034656
4 0.8050382837063087 0.7794812909111873 0.304914299840666 0.030831292235857007
4 0.808264890053829 0.797509758405036 0.2565152046278618 0.00940615695331246
4 0.8070549126735088 0.8113577116974124 0.3073342546013062 0.019334878181808648
4 0.8062482610866288 0.8288636149160772 0.3024943450800258 0.01881231390662478
4 0.8070549126735088 0.849243621648254 0.3073342546013062 0.0198574424569928
4 0.7651090301557454 0.8620464463902623 0.16859018165793443 0.00888359267812831
4 0.808264890053829 0.8907874815253833 0.304914299840666 0.045463091941009566
4 0.8070549126735089 0.9265831343754886 0.30894755777506644 0.027173342309568936
7 0.8885267229483957 0.943566473318969 0.08953832614368765 0.008883592678128167
