7 0.22969837303353202 0.07251908396946564 0.40045527676034637 0.09269356597600872
7 0.22363086884019345 0.128680479825518 0.12828437437344434 0.010905125408942205
7 0.22363086884019345 0.14776444929116686 0.22189729621352527 0.016357688113413288
2 0.6221662567846208 0.09176916010765593 0.3530632045421378 0.1198506806777213
2 0.8950367517584985 0.09718614002529304 0.15177412146476044 0.11172521080126561
7 0.14800667873336568 0.16523695024060936 0.24219274701823473 0.010833959835274208
7 0.4633954559615559 0.16625263397516632 0.240039922600295 0.01015683734556962
7 0.8681264465342502 0.165914072730314 0.21635885400295635 0.012188204814683523
7 0.0742724424189253 0.1872434311560102 0.10333557206111348 0.0115110823249789
7 0.13724255664366636 0.20823422833685407 0.19913625865943746 0.014219572283797426
6 0.18266984289271998 0.9387149977018123 0.1160490766612574 0.010815000405562642
7 0.5007302752235736 0.19563434483628803 0.23926167657320968 0.018926250709734412
7 0.3789503799617603 0.2235730958839912 0.19054971846848423 0.024333750912515696
7 0.6146302949096225 0.21861622069810838 0.23496356262279286 0.014420000540750023
7 0.6174957042099005 0.23709184639094438 0.1346742371130641 0.011716250439359364
7 0.8037473087279678 0.18932559459970993 0.12034719061167437 0.013518750506953125
6 0.8524592668326931 0.7773912416521717 0.19198242311862315 0.0108150004055625
4 0.13816999171725472 0.24999914669826956 0.231468936619401 0.05542004175592002
4 0.14063242721320582 0.2987068231483483 0.23092172873141187 0.045437549762617664
4 0.13816999171725475 0.35533164842070136 0.23037452084342275 0.0678121007820885
4 0.1376227838292656 0.42813499519944104 0.231468936619401 0.07779459277539083
4 0.13734917988527104 0.4820060295770892 0.2320161445073901 0.03201281915093685
4 0.13899080354923846 0.5203869901720285 0.23092172873141192 0.04406065431526564
4 0.13899080354923843 0.5718484575168112 0.22763848140347712 0.05886228037430009
4 0.13652836805328736 0.6310549617529495 0.23256335239537926 0.05955072809797628
4 0.13734917988527104 0.6954248239166577 0.22763848140347712 0.06850054850576455
4 0.13625476410929274 0.7639253724224224 0.22982731295543352 0.06643520533473574
4 0.13680197199728192 0.8236482124513177 0.2276384814034771 0.05094513155202577
4 0.13680197199728192 0.8756260155888574 0.22873289717945539 0.05163357927570189
4 0.13816999171725475 0.914523311976553 0.2281856892914662 0.02478411805233705
4 0.12339537874154831 0.9313902812066155 0.17565373204450999 0.0096382681314644
4 0.37866785848847634 0.2725458096486593 0.23201614450739017 0.059894951959814195
4 0.3797622742644545 0.3119594418291118 0.23092172873141192 0.021686103295794793
4 0.37948867032046 0.34689816380567 0.2303745208434228 0.05301047472305385
4 0.3783942545444818 0.4193572867225717 0.23037452084342278 0.09397311428177745
4 0.3783942545444818 0.5083391550076981 0.23037452084342278 0.08605596545950313
4 0.3759318190485307 0.5770118154443815 0.2276384814034771 0.05197780313753995
4 0.37538461116054156 0.6503314980158783 0.2276384814034771 0.09466156200545342
4 0.3762054229925252 0.7412065975411136 0.22709127351548794 0.08708863704501724
4 0.375111007216547 0.8344912640992149 0.23037452084342278 0.10361138241324169
4 0.37538461116054156 0.9156651538496868 0.2320161445073902 0.05989495195981391
4 0.6186185173717089 0.28676815827163793 0.22928010506744456 0.08812130863053128
4 0.6164296858197523 0.35509659484648337 0.2281856892914662 0.049224012242835825
4 0.6145144582117904 0.40208315198737216 0.22763848140347726 0.04406065431526571
4 0.6158824779317631 0.4414967841678246 0.2281856892914663 0.034766610045639225
4 0.6158824779317632 0.5050060866769379 0.23037452084342283 0.09500578586729148
4 0.6142408542677957 0.5951927384784972 0.23256335239537912 0.0846790700121511
4 0.6142408542677957 0.6499243325107412 0.2281856892914662 0.0275379089470411
4 0.6145144582117904 0.7019021356482813 0.23311056028336843 0.07641769732803894
4 0.6147880621557849 0.7626576472626904 0.23803543127527058 0.048535564519159774
4 0.8558107215148647 0.22515208700263367 0.22709127351548786 0.043372206591589586
4 0.8563579294028539 0.2699011890415753 0.23256335239537917 0.04474910203894161
4 0.8544427017948919 0.33547583472171666 0.2298273129554336 0.08640018932134115
4 0.8538954939069028 0.41000030080964645 0.22982731295543346 0.06127184740716629
4 0.8538954939069029 0.46903469311486545 0.23201614450739 0.054043146308567956
4 0.8555371175708703 0.5179144814958633 0.23092172873141167 0.04371643045342765
4 0.8528010781309245 0.565933710222266 0.2276384814034772 0.05163357927570203
4 0.8525274741869301 0.6342621467971115 0.22818568929146635 0.08502329387398909
4 0.8525274741869301 0.6934686510332497 0.22709127351548802 0.03407816232196325
4 0.8530746820749192 0.7407994320359763 0.22928010506744456 0.06264874285451824
4 0.6147656468556542 0.8432060309327852 0.23092172873141195 0.09741535290015747
4 0.6123032113597031 0.916697825435201 0.23037452084342283 0.05163357927570189
4 0.8519802662989409 0.8070625254397942 0.23365776817135753 0.02925902825623112
4 0.8538954939069029 0.8475088292057604 0.2298273129554336 0.05301047472305385
4 0.8525274741869299 0.9063711095800605 0.231468936619401 0.06884477236760247
