3 0.07654138009795389 0.03692499630432528 0.019967316547292332 0.011660525148734297
5 0.5587520747150634 0.03519751109710539 0.05790521798714778 0.013388010355954187
7 0.19667806799082935 0.06564443787435606 0.2349487580398063 0.017274852072198952
4 0.19701085659995088 0.11228653846929326 0.3048343659553294 0.05355204142381678
4 0.19800922242731545 0.1539621190934732 0.30150647986411394 0.02720789201371337
4 0.19834201103643703 0.18570465977613884 0.30350321151884324 0.03454970414439788
4 0.19767643381819397 0.23947263685085812 0.30616552039181555 0.0721225074014307
4 0.19667806799082935 0.2995027478017495 0.30549994317357254 0.045346486689522326
4 0.19601249077258626 0.33988271452051466 0.3081622520465448 0.0354134467480079
4 0.19701085659995088 0.36817028478874037 0.30616552039181555 0.02029795118483378
4 0.19501412494522163 0.3873885577190617 0.30350321151884324 0.019002337279418812
4 0.5134928238745341 0.07212250740143065 0.3081622520465448 0.02677602071190839
4 0.5124944580471695 0.09933039941514403 0.30749667482830184 0.027639763315518345
4 0.5134928238745341 0.12135583580719769 0.3081622520465448 0.019002337279418847
4 0.5131600352654125 0.1448928217555688 0.3088278292647879 0.026344149410103393
4 0.5134928238745341 0.17102103551476971 0.30416878873708625 0.024184792901078556
4 0.5124944580471694 0.19866079883028803 0.3061655203918155 0.030230991126348136
4 0.5138256124836557 0.22262965608046412 0.3048343659553295 0.016842980770394006
4 0.5124944580471694 0.2537243898104223 0.3061655203918155 0.04361900148230241
4 0.5114960922198049 0.29475216348189476 0.3068310976100586 0.035845318049812856
4 0.5141584010927771 0.32390347635373046 0.3028376343006001 0.01900233727941888
4 0.5138256124836557 0.34268987798224687 0.3048343659553295 0.01943420858122387
4 0.5144911897018987 0.3733527404104 0.30616552039181555 0.04534648668952229
7 0.8339682544585759 0.06413288831803865 0.2662308872972311 0.017706723374003933
7 0.8296420025399958 0.08399896820106745 0.061898681296606244 0.00906929733790446
4 0.8306403683673605 0.10300130548048632 0.3061655203918157 0.028071634617323316
4 0.830973156976482 0.1295613905414922 0.3054999431735726 0.0250485355046885
4 0.8303075797582389 0.16864574335484236 0.30816225204654474 0.05225642751840187
4 0.8316387341947251 0.21032132397902237 0.3054999431735725 0.02936724852273823
7 0.7391235008589373 0.23472205253100342 0.1244629398114553 0.012524267752344258
7 0.8313059455856034 0.258474974130277 0.2768801227891203 0.010796782545124409
4 0.8303075797582388 0.2785569896642082 0.31082456091951693 0.028503505919128282
4 0.830201084075434 0.3999315039052091 0.307640685771013 0.21283311338259833
6 0.9593672953486293 0.508086893222183 0.02572605037806383 0.010432995754048874
7 0.8318089622240631 0.5214732614142886 0.21009607808752093 0.011128528804318805
4 0.830201084075434 0.5732904736593983 0.307640685771013 0.08833269738428086
4 0.8296651246925577 0.6411049460607162 0.31085644206827096 0.04729624741835508
4 0.8307370434583105 0.7050939866855499 0.3087126045367657 0.07511756942915242
6 0.9470402295424739 0.7454349036012059 0.07181855730542808 0.013910661005398452
4 0.8285932059268052 0.7763861243382175 0.3065687670052605 0.03686325166430621
4 0.8285932059268052 0.8142926755779288 0.3087126045367657 0.03755878471457621
7 0.8259134090124235 0.8438528302144007 0.09754460768349191 0.010432995754049016
4 0.8291291653096815 0.8758473505268175 0.30978452330251827 0.053556044870784664
4 0.8275212871610527 0.9300989284478718 0.31085644206827096 0.03964538386538592
7 0.8259134090124235 0.9627889818105585 0.307640685771013 0.01877939235728803
4 0.19508921536698387 0.4310539648791979 0.3065687670052604 0.04590518131781529
4 0.1977690122813655 0.5033894021072705 0.3119283608340237 0.09598356093725023
7 0.20098476857862352 0.5691172753577787 0.22188718451080036 0.03129898726214684
4 0.19508921536698387 0.6341496155580171 0.3065687670052604 0.09876569313832988
4 0.19884093104711817 0.7103104845625744 0.31192836083402364 0.054947110971324375
4 0.1977690122813655 0.7871668866174015 0.3097845233025184 0.09876569313832988
7 0.19991284981287089 0.8556768920689894 0.21974334697929507 0.03408111946322663
4 0.1972330528984892 0.9200136992189578 0.3022810919422498 0.07094437112753255
4 0.20956011870464475 0.9596590830843439 0.2819146353929492 0.011128528804318876
4 0.5145210075612762 0.4400958945327069 0.30656876700526037 0.06398904062483339
4 0.5134490887955235 0.5082581334591599 0.30442492947375505 0.07233543722807262
7 0.42662366876955815 0.5604231122294047 0.1329179269533297 0.016692793206478315
4 0.5145210075612762 0.6070238265974899 0.30656876700526037 0.07233543722807255
4 0.5129131294126472 0.6988341892331207 0.30335301070800236 0.1085031558421089
4 0.5145210075612714 0.7722126017194278 0.3087126045367631 0.03547153692944158
4 0.5123771700297708 0.811510543376849 0.3001372544107443 0.045905181317815506
4 0.5113052512640182 0.8661098878230383 0.3001372544107445 0.06468457367510354
4 0.5102333324982655 0.9311422280232767 0.3065687670052604 0.06538010672537325
