5 0.5001590576114368 0.04075496104732819 0.09432824332145529 0.014884420556415501
7 0.11955556420975133 0.06308159188195146 0.18207544641118095 0.017010766350189152
7 0.4135086945603327 0.05953768222566205 0.13600816478907496 0.018428330212704916
7 0.5001590576114368 0.0850538317509458 0.1820754464111809 0.015593202487673397
6 0.9240877325386743 0.23070851862444045 0.06690724235591589 0.010631728968868224
7 0.8144037286765173 0.2643507198149593 0.1327176446732102 0.014813542363289755
7 0.10134801956863324 0.6604580158309118 0.1447828850980475 0.016372862612057018
7 0.17977208233007566 0.6877461201843401 0.22682651998694112 0.02572878410466103
7 0.17796229626635005 0.718932525159687 0.21838085168955496 0.014813542363289826
7 0.1767557722238663 0.74933927001065 0.14357636105556376 0.021050823358359026
7 0.17615251020262446 0.7809155050481889 0.10134801956863326 0.02338980373151017
7 0.8089743704853405 0.6620173360796789 0.09048930318627967 0.014813542363289684
6 0.8771429788856712 0.9325593992408124 0.1471959331830149 0.01325422211452235
4 0.1828082962621432 0.11462306714906031 0.30556830448056255 0.06383787983177687
4 0.1835346868433173 0.17314112366152246 0.3041155233182144 0.05319823319314741
4 0.1832925566495926 0.23165918017398465 0.303631262930765 0.06321201826479872
4 0.1832925566495926 0.3000345563663535 0.30556830448056255 0.07353873411993903
4 0.183776817037042 0.36872286334221144 0.30556830448056255 0.06446374139875516
4 0.5002409802352158 0.13981399521993307 0.3050840440931132 0.06289908748130957
4 0.5004831104289403 0.2110057484637039 0.30653682525546133 0.08136200370716665
4 0.4997567198477664 0.2870479288515558 0.30895812719270827 0.07197408020249359
4 0.8147704018006098 0.09412610083052413 0.30459978370566376 0.06978356471806983
4 0.8150125319943345 0.16422259633208305 0.3050840440931131 0.06915770315109165
4 0.8159810527692332 0.21288333316463848 0.3050840440931131 0.027537908947041032
4 0.4966113272463632 0.37294742891931437 0.3036312629307648 0.056014610244549345
4 0.8138018810257112 0.31036127222149384 0.30653682525546133 0.046626686739876216
4 0.8118648394759134 0.35964787062102743 0.30750534603036017 0.05257237162616917
4 0.8133176206382616 0.3953219799387851 0.30266274215586636 0.018775847009346192
4 0.8135597508319863 0.4923305228204069 0.3041155233182144 0.1764929618878537
4 0.8130754904445368 0.5894955310937732 0.30508404409311324 0.017837054658878842
4 0.8121069696696381 0.6164075784738361 0.30798960641780954 0.03536117853426859
4 0.4968534574400879 0.43819349727679224 0.30605256486801197 0.03629997088473587
4 0.4968534574400865 0.4694865756257023 0.3050840440931123 0.026912047380063028
4 0.4970955876338126 0.49984086162414537 0.3055683044805626 0.03379652461682312
4 0.4970955876338127 0.5311339399730557 0.30363126293076514 0.026286185813084586
6 0.5990323991919084 0.5485015984567008 0.07263905811740798 0.009074992721184004
4 0.49612706685891383 0.5935636312791316 0.30363126293076503 0.0804232113566993
4 0.1807671387290441 0.4382609037677089 0.30411068071434 0.03748597855415966
4 0.18193904886667156 0.47972266792609747 0.30762641112722244 0.044680257266573944
4 0.18252500393548535 0.5147474458681153 0.3064545009895949 0.027641176105592323
4 0.18252500393548535 0.5448498225858495 0.30528259085196746 0.03407816232196325
4 0.18252500393548535 0.5938845117046744 0.3064545009895949 0.06323392341964293
4 0.1948300603805742 0.6296665821427357 0.28184438809941714 0.009844802448567265
4 0.17763551485075202 0.811802824844692 0.3059645175248393 0.03499135124469031
4 0.17851598828247822 0.8391131477673772 0.3033230972296609 0.021336189783347805
4 0.1789562249983413 0.8846303526385193 0.30420357066138703 0.07197408020249356
4 0.18005681678799895 0.9287251448574384 0.30552428080897626 0.018491364478901744
4 0.19260356319009675 0.9419535825231139 0.27866984114132853 0.011379301217785525
4 0.4963572043852962 0.6676707477651075 0.3015621503662086 0.019344812070235376
4 0.49613708602736467 0.6864465947744537 0.30728522767242855 0.017637916887567398
4 0.4970175594590909 0.7084939908839131 0.30992664796760694 0.02588791027046227
4 0.49679744110115925 0.7328172472369298 0.3077254643882917 0.019344812070235518
4 0.4967974411011593 0.7521620593071652 0.30860593782001794 0.01763791688756754
4 0.49591696766943316 0.7798991060255175 0.309486411251744 0.03726721148824765
4 0.49459625752184394 0.8222870030617685 0.3077254643882916 0.04693961752336534
4 0.49371578409011774 0.8614033509979062 0.3068449909565655 0.027310322922685374
4 0.49393590244804936 0.8935498769381505 0.3046438073772502 0.03584479883602441
4 0.49327554737425466 0.9200067522695017 0.3015621503662085 0.01649998676578903
4 0.49305542901632315 0.93707570409618 0.3081657011041547 0.017637916887567683
4 0.8106982121788762 0.6971146896661276 0.3055242808089764 0.03669824642735847
4 0.8113585672526707 0.746756891228717 0.3068449909565655 0.06201719163693127
4 0.8113585672526709 0.8177352825746543 0.3094864112517439 0.07937062599405408
4 0.8122390406843971 0.8713602395634686 0.3068449909565655 0.026741357861796048
4 0.8109183305368077 0.9074895209299377 0.3068449909565655 0.046086169932031566
3 0.6704828181764859 0.9410584595224052 0.030376333394552545 0.012517231339564177
