5 0.4892442705875976 0.04346784652667065 0.07866136281423436 0.009976227071694894
4 0.1757015487159066 0.0657955928299878 0.3087642278689572 0.01947739571140433
4 0.1745988193306603 0.12969095193203373 0.30655876909846463 0.1064130887647456
4 0.17533397225415784 0.19429889868205788 0.30361815740447456 0.018052220415447948
4 0.1782745839481479 0.24916814757637978 0.30802907494545967 0.08978604364525414
4 0.17680427810115287 0.33135325630986645 0.30361815740447456 0.07173382322980619
7 0.08895350374319957 0.38812273893213034 0.13526813792354314 0.014251752959564143
4 0.17900973687164545 0.429690351730859 0.30361815740447456 0.05368160281435827
4 0.17680427810115287 0.4973861782887887 0.30361815740447456 0.07790958284561732
4 0.17680427810115287 0.5579561283669364 0.30361815740447456 0.042280200446706856
4 0.17937731333339413 0.6066496176454472 0.30582361617496706 0.05320654438237284
4 0.4936551881285828 0.0802848750055447 0.3065587690984647 0.050356193790459976
4 0.4921848822815869 0.14631797561478418 0.30802907494545917 0.08741079435880794
4 0.4925524587433365 0.2655576634798786 0.3043533103279721 0.150118464507409
4 0.49402276459033145 0.3598567622289947 0.3028830044809771 0.03942984985479413
4 0.49402276459033145 0.4097378975874692 0.31023453371595217 0.06318277145406775
7 0.4940388644393562 0.4753305842602022 0.2561683000796661 0.026430255910257258
4 0.4955181278323944 0.519951462938181 0.30355396372940796 0.0436561386975864
4 0.49528989176943994 0.5875004883553923 0.3067492686107702 0.09144191213683613
4 0.8145917105283504 0.06513970046575404 0.3121378446348875 0.02276289982701585
4 0.8101885120930621 0.10623938070897712 0.3092023790113619 0.059436460659430305
4 0.8101885120930621 0.15429439145489948 0.30724540192901145 0.035408955286469104
4 0.8121454891754124 0.19982019110893123 0.31311633317606263 0.05184882738375833
4 0.8121454891754125 0.2428167796710723 0.31507331025841295 0.0341443497405238
7 0.8096992678224746 0.2889748820980767 0.23777271550557275 0.01517526655134393
4 0.8111670006342372 0.3746519078358725 0.30528842484666113 0.1283574629134506
4 0.8096992678224744 0.45147669475205104 0.3062669133878362 0.02782132201079726
4 0.8131239777165876 0.4780334112169028 0.3111593560937122 0.026556716464851818
4 0.812634733446 0.5099647012520223 0.31213784463488736 0.034776652513496556
6 0.9408167323399508 0.5229269080979619 0.0538168697646357 0.013910661005398737
7 0.6986408183990898 0.5510643814952454 0.09197792287046823 0.014542963778371174
4 0.8136132219871751 0.5984870894681952 0.3082238904701866 0.06765639670807495
7 0.10318606434211151 0.6617180164596254 0.1512209563634393 0.013220876162155549
7 0.31222679813863047 0.6605683750542205 0.0373604715721438 0.014370517567560626
7 0.18279945019227511 0.6910338722974488 0.1912500330478791 0.02241800740539446
7 0.17523840237410315 0.7243734730541891 0.08895350374319953 0.014370517567560484
7 0.17835177500511518 0.75541379100012 0.26063376596757476 0.014370517567560484
4 0.17924131004254718 0.7922023159730749 0.3122267981386306 0.05690724956753968
4 0.17879654252383115 0.8511214380000729 0.3060000528766066 0.057482070270242075
4 0.17879654252383115 0.9132020738919343 0.3113372631011985 0.06782884291888563
4 0.4963605508870536 0.6689032752434056 0.3060000528766065 0.028741035135120968
4 0.49458148081218967 0.6967820793244729 0.30422098280174253 0.02816621443241857
4 0.4976948534432016 0.7286846283244572 0.3068895879140385 0.0367885249729548
4 0.4972500859244856 0.7671976154055196 0.31133726310119864 0.04368637340538399
7 0.4954710158496216 0.7993875747568551 0.13165118553993538 0.019543903891882337
4 0.49680531840576964 0.8361760997298099 0.3122267981386306 0.05518278745943235
4 0.49413671329347364 0.9048671737027492 0.3051105178391746 0.08219936048644627
4 0.7356454759562604 0.6594187336488155 0.16011630673775912 0.009771951945941026
4 0.811700721656696 0.7091407244325751 0.30511051783917453 0.08852238821617263
4 0.8139245592502761 0.7715087706757876 0.3060000528766065 0.03621370427025255
4 0.814369326768992 0.8255419167298151 0.3122267981386305 0.07300222924320736
4 0.8139245592502761 0.8968196838649153 0.3113372631011984 0.07070294643239777
6 0.9220030662982637 0.937344543405436 0.057819777433079624 0.010346772648643565
