5 0.0781955227780124 0.030497941977015802 0.07715291580763889 0.01542828329321079
5 0.48481224122367683 0.02345459525620219 0.11468676674108494 0.016099078219002555
3 0.9419953977324559 0.01741744092407623 0.028150388200084392 0.01609907821900255
7 0.2538747972859469 0.05867132886027027 0.24918306591926623 0.023477822402712054
7 0.7251331478947682 0.05330496945393609 0.30965427020092917 0.028844181809046243
4 0.1322079727771518 0.1278021024262946 0.22373656931517996 0.09046544468139504
6 0.20229146336303327 0.1771598214584394 0.04731188323463293 0.013370678930898024
4 0.13176580564411786 0.23149598477336533 0.21931489798484044 0.08904303202917191
4 0.1319868892106348 0.2915217986971841 0.2215257336500102 0.033853421122912015
4 0.13287122347670272 0.319116604150314 0.22064139938394228 0.020767224722458656
4 0.13088147137804995 0.3748751801174632 0.21931489798484044 0.08790510190739333
4 0.1284495521463632 0.437603578080506 0.21533539378753486 0.034137903653356644
4 0.12623849539762697 0.5802846835684768 0.2188133920225534 0.25032303456722127
4 0.12591480694788948 0.7164837389819233 0.21557650752517837 0.022908098005319743
4 0.12818062609605202 0.746472521825251 0.21751863822360343 0.03290435895309571
4 0.12720956074683948 0.8626790553431458 0.22593453791677853 0.18618036015232606
6 0.1476019330803023 0.9637635540643125 0.16572848626560258 0.019159500149903863
4 0.36112114155663894 0.2806871622679381 0.2312691825192122 0.40003770119945686
4 0.358277668001075 0.6069374216303011 0.23126918251921244 0.24880393611185764
4 0.36301679059368186 0.756036839226745 0.21989528829695612 0.04085750911640787
4 0.3625428783344211 0.8771225658663249 0.22084311281547753 0.20062866416863032
4 0.6038218147954946 0.11155498646738965 0.230545943163903 0.0657154645327115
4 0.5979852086394464 0.18478078980383963 0.22762764008587866 0.08011028057321024
4 0.5977420167162777 0.30416388370493214 0.23103232701024004 0.15740418409501855
4 0.5972556328699403 0.4731465067890474 0.23395063008826433 0.16992141543458253
4 0.5945805217150848 0.6562110151301723 0.23054594316390273 0.17868347737227758
4 0.5980113142709925 0.8533881727659537 0.22858878320462608 0.2116708255691546
6 0.6378897312786531 0.9656378529920204 0.13316542822200958 0.019242802324468754
4 0.5691706733993808 0.9773209829747335 0.17233173064024768 0.018784640364362132
4 0.8487346237890847 0.09749397864313254 0.246110226246698 0.043810309688474325
4 0.8463027045573981 0.16899866267039243 0.24027362009064973 0.0929404426962634
4 0.8426548257098679 0.26616367094375876 0.2388144685516376 0.10201543541744737
4 0.8433844014793739 0.3758459105566891 0.23638254931995079 0.11547145910747883
4 0.8418856371375729 0.5608359378537768 0.24212608154954807 0.25057793922138955
4 0.8423164664641735 0.7709444311389686 0.23609447097713954 0.1663127915186213
4 0.8423164664641735 0.880531978092457 0.2326478363643345 0.043795701766570404
4 0.8431781251173749 0.9173979802124181 0.23437115367073702 0.025501294699521962
4 0.8453322717503778 0.9428992749119403 0.22833954309832832 0.022175038869149403
6 0.8578263222217959 0.9598077420496665 0.1654384614146379 0.01275064734976084
2 0.8474864183833809 0.9842002848057311 0.15854519218902793 0.018294407067048296
2 0.5017110324215911 0.9923331958045167 0.22373656931517993 0.015333608390966305
