3 0.08143808851006577 0.05185581031618426 0.03999010262761559 0.012798455312079522
5 0.26574731150750375 0.05406244054240487 0.13577284843730777 0.019859672035985466
7 0.1545292611917679 0.10706679665047338 0.12604299846734682 0.028836243796250896
4 0.1539441575707997 0.1655402910150933 0.20877091077408835 0.038982329576413226
4 0.1545294965729701 0.21093067476845118 0.2099415887784291 0.046458392782848676
4 0.15355393156935288 0.27340920299366145 0.2087709107740884 0.06675056434317338
4 0.15179791456284183 0.35164086440386055 0.20994158877842906 0.08437271332977112
7 0.1525783665657356 0.43174154161566874 0.1529685925671825 0.018156153501343156
4 0.15277347956645904 0.4931520608113882 0.20955136277698214 0.050196424386066384
4 0.1521881405642887 0.5409454648811004 0.20760023276974768 0.03684631151743169
4 0.15277347956645904 0.6042249998784287 0.20877091077408835 0.08116868624129886
4 0.1529685925671825 0.666703528103639 0.2068197807668539 0.03524429797319556
4 0.15374904457007627 0.7419981646827384 0.20838068477264143 0.11107293906704044
4 0.15277347956645904 0.8392646410616385 0.20799045877119457 0.08223669527078968
6 0.20544438353377728 0.89526575470453 0.0784546387468507 0.025770937518527576
7 0.37101798947937226 0.11016780141454706 0.12361501228634424 0.027008880346792167
4 0.37335524811503845 0.18088842232259503 0.20931449559410392 0.06752220086698049
4 0.37335524811503845 0.2523198032397691 0.21243084044165875 0.06681144085785434
4 0.3808864148299628 0.2988745838375293 0.19217459893255193 0.026298120337666084
7 0.3715373802872981 0.3838104049280994 0.16204993207285465 0.034116480438053216
7 0.3725761619031498 0.4147284653250853 0.13088648359730573 0.022033560282909478
4 0.372056771095224 0.49362282633808346 0.21398901286543626 0.08884500114076381
4 0.3717970756912611 0.5558143271366182 0.21243084044165875 0.034116480438053286
4 0.3715373802872981 0.6187165879442789 0.21087266801788132 0.08031588103125038
4 0.371797075691261 0.6777096687017459 0.2082757139782522 0.034827240447179546
4 0.37335524811503845 0.7118261491397994 0.21243084044165875 0.030562680392422836
4 0.372056771095224 0.7807698700250322 0.21295023124958454 0.10163868130503374
4 0.3725761619031498 0.8685487311521066 0.2139890128654362 0.06823296087610657
5 0.7350688641169032 0.08834746913437548 0.13997582273600756 0.026582424341316527
3 0.9196084181729457 0.0930384851946078 0.048563040541063744 0.020327736261006743
4 0.6282301749265627 0.15519444799268614 0.20739274960477835 0.08365645307414316
4 0.6299441645927181 0.27794270156876544 0.20967806915965193 0.15245802195755065
4 0.6288015048152812 0.3721539407784313 0.20739274960477821 0.040655472522013555
4 0.6288015048152813 0.4280552154961999 0.21082072893708884 0.06958340489344622
4 0.6273731800934851 0.49842045639968474 0.2102493990483702 0.06958340489344629
4 0.6276588450378445 0.5609673372027825 0.20967806915965193 0.05707402873282667
4 0.6273731800934853 0.6235142180058802 0.20910673927093348 0.06958340489344622
4 0.6270875151491261 0.698179556964578 0.20739274960477844 0.07505625696371723
4 0.6270875151491261 0.7658083718329274 0.20739274960477844 0.057074028732826604
4 0.6265161852604076 0.8647106271028256 0.2108207289370887 0.14073048180696987
4 0.84659792487911 0.16027638205793784 0.20853540938221513 0.08443828908418188
4 0.84659792487911 0.2239960168760936 0.2108207289370887 0.03830996449189733
4 0.8485975794896246 0.27051525947339755 0.20910673927093357 0.04847383262240072
4 0.8471692547678285 0.34987161449232773 0.20853540938221513 0.09772950125484023
4 0.8474549197121877 0.44486468971203236 0.21253471860324397 0.08912930514441421
4 0.8471692547678285 0.5105389145552849 0.21196338871452552 0.03752812848185855
4 0.8474549197121877 0.5730857953583827 0.21367737838068065 0.08287461706410447
4 0.8463122599347508 0.6513011395227302 0.21024939904837026 0.06567422484325248
4 0.8451696001573141 0.7052478242154021 0.20796407949349685 0.03440078444170368
4 0.8460265949903917 0.7416031986822026 0.20739274960477858 0.03518262045174239
4 0.84659792487911 0.827605159786462 0.2119633887145257 0.1352576297366987
4 0.845169600157314 0.9085251868254696 0.05141968998465586 0.02032773626100692
4 0.7840373020644456 0.9292438410914956 0.07198756597851826 0.025800588331277935
6 0.9114438672486483 0.928462005081457 0.06284628775902391 0.028927932371432378
