5 0.5739332109394191 0.09246396743195802 0.08644668831717517 0.02891574670721485
5 0.73643408952471 0.08860853453766271 0.06849600986880006 0.025060313812919528
5 0.9055483759594024 0.08378924341979356 0.09683918636623445 0.025702885961968756
7 0.744700849336462 0.2277254048068186 0.42798196511126074 0.2133339534843407
7 0.7472989738487266 0.35720369284023623 0.41711708078724397 0.041767189688199265
7 0.7404493728618456 0.4153564723291902 0.4327058278608329 0.029558318856263536
2 0.5958991727249304 0.4719028214455214 0.1426606550370861 0.06682750350111787
2 0.7404493728618466 0.46901124677480044 0.1237652040387971 0.06875521994826649
2 0.889014856335899 0.4651558138805051 0.1393539511123862 0.06361464275587281
7 0.5710988932896757 0.5226660212204102 0.0911705510667474 0.024417741663870274
7 0.7413941454117611 0.5544733425983465 0.25981245122648267 0.035341468197707046
4 0.6332176884465529 0.643693743352208 0.2106842786309297 0.09317296161213669
4 0.6332176884465529 0.7246578341324096 0.21162905118084424 0.07518094143875871
4 0.6336900747215101 0.7895576211863806 0.21162905118084402 0.05333348837108517
4 0.6341624609964674 0.8570276968365488 0.21162905118084419 0.08160666292925085
4 0.6336900747215101 0.9155017624000277 0.21162905118084402 0.034056323899608575
4 0.8535602547632553 0.6122077080487963 0.21351859628067316 0.03791175679390392
4 0.8535602547632553 0.6578303306312909 0.21257382373075884 0.05333348837108517
4 0.8542688341756911 0.7182321126419174 0.2121014374558014 0.0648997870539712
4 0.8552136067256056 0.7882724768882824 0.21210143745580126 0.07518094143875871
4 0.8552136067256054 0.8798390081277959 0.2158805276554594 0.10923726533836714
2 0.752941978197363 0.9832516165709826 0.18423064723332425 0.016623860767804265
