3 0.06779847656063524 0.034785678357373805 0.01879561726433452 0.011912210962766267
5 0.5407096323721948 0.03134946365657584 0.08659409382496967 0.014203020763298243
7 0.2755571745360472 0.06342080086402349 0.212793238314073 0.02244993604521335
7 0.1553994784533372 0.08953603259008801 0.1993677974109769 0.02153361212500057
4 0.15707765856622424 0.13558130958078068 0.21883468672046624 0.07147326577659757
4 0.15842020265653387 0.18506280127227137 0.22151977490108546 0.03207133720744764
4 0.1584202026565338 0.22881726846243203 0.22286231899139505 0.060019216773937706
4 0.15875583867911125 0.30555939678025323 0.22219104694624026 0.09529768770213018
4 0.16043401879199826 0.3953591409611066 0.22151977490108546 0.08521812457978946
7 0.15808456663395642 0.4544620338148316 0.1376107692567349 0.013744858803191847
4 0.16211219890488526 0.49890374394515186 0.22219104694624026 0.07880385713829995
4 0.1627834709500401 0.5845800304850478 0.22084850285593066 0.09438136378191736
7 0.16479728708550445 0.6464318950994111 0.20205288559159612 0.01191221096276621
4 0.16345474299519477 0.6984332775714859 0.2221910469462401 0.09300687790159827
7 0.1684892833338559 0.7646376808068609 0.19466889309489324 0.017410154484042834
4 0.1681536473112785 0.797034251672867 0.2168208705850018 0.045816196010639486
4 0.1701674634467429 0.8575116304069111 0.21413578240438264 0.07330591361702318
4 0.17151000753705253 0.914323713460104 0.2154783264946922 0.03482030896808595
7 0.17318818764993957 0.9477695365478709 0.21346451035922784 0.012828534882979028
4 0.17486636776282655 0.9640342861316478 0.21950595876562104 0.021533612125000587
4 0.39257210204223275 0.12092058666640793 0.23091758353325278 0.07697120929787436
7 0.3942502821551197 0.17773266971960092 0.1349256810761156 0.012828534882979064
4 0.3915651939745004 0.24554063981534735 0.23024631148809782 0.12095475746808823
7 0.3932433740873876 0.31999195833263655 0.1517074822049858 0.01420302076329822
4 0.3935790101099649 0.3772622033459359 0.22487613512685947 0.09758849750266207
4 0.39525719022285194 0.455149736564023 0.2255474071720144 0.06001921677393782
7 0.3962640982905842 0.5027985804150882 0.13626822516642526 0.013286696843085437
4 0.3986135504486259 0.5671703358100365 0.2295750394429431 0.11362416610638604
4 0.3955928262454293 0.6736929915347735 0.22756122330747863 0.097588497502662
4 0.398613550448626 0.753413172593286 0.22286231899139505 0.06460083637500176
6 0.46741893507699345 0.7937314250826489 0.07048356474125449 0.014203020763298326
7 0.3979422784034711 0.8240658073191444 0.1892987167336549 0.01557750664361734
4 0.3992848224937808 0.8650713027486665 0.22017723081077584 0.055437597172873866
4 0.40029173056151296 0.9150109564002638 0.21950595876562112 0.03894376660904356
4 0.4012986386292451 0.9489149414481369 0.21883468672046613 0.02794787956649003
2 0.4972905410863822 0.9924403276582444 0.20540924581737025 0.015119344683511003
7 0.6314716472100124 0.06070645971409733 0.15573511447591457 0.01603566860372382
4 0.6301291031197027 0.15989852407713184 0.22688995126232378 0.15302609467553593
4 0.6308003751648577 0.2968889501489439 0.2282324953526335 0.1154568139468115
4 0.6314716472100124 0.3846269655093185 0.22823249535263343 0.059102892853725
4 0.632814191300322 0.42906867563963885 0.22957503944294302 0.029780527406915665
4 0.6321429192551672 0.46847060420878883 0.23091758353325267 0.047190681890958645
4 0.6331498273228994 0.5122250713989496 0.2289037673977883 0.038485604648937154
4 0.632814191300322 0.5591866723098551 0.22420486308170468 0.05635392109308661
4 0.6321429192551672 0.5967559530385794 0.22286231899139494 0.018784640364362205
4 0.6328141913003219 0.6267655614255484 0.22688995126232378 0.03756928072872441
4 0.6334854633454768 0.6945735315212945 0.226889951262324 0.09438136378191743
6 0.6623501612871334 0.7486366428138492 0.14365221766312813 0.014661182723404664
7 0.5680364389428835 0.7568835580957644 0.10538971108930426 0.013744858803191847
7 0.8667524990367714 0.056353921093086574 0.13626822516642534 0.012828534882979064
7 0.8738008555108968 0.07605488537766156 0.1812434521917973 0.010995887042553472
7 0.8711157673302776 0.08819617732048102 0.1530500262952954 0.011454049002659889
4 0.8711157673302776 0.10652265572473685 0.23091758353325262 0.028864203486702867
4 0.8704444952851227 0.13172156353058856 0.226889951262324 0.02153361212500057
4 0.8711157673302776 0.16997808719947252 0.22688995126232384 0.055895759132980186
4 0.8711157673302776 0.25130183511835763 0.23091758353325262 0.10400276494415164
4 0.8707801313077002 0.3585117337832541 0.22621867921716912 0.08475996261968312
4 0.869773223239968 0.4501441258045331 0.22957503944294302 0.09850482142287482
4 0.8687663151722359 0.5944651432380474 0.22621867921716898 0.19196986128457938
4 0.8674237710819261 0.7202306012872529 0.22621867921716926 0.05772840697340584
6 0.806338014972839 0.7541345863351261 0.1121024315408522 0.015577506643617482
6 0.9409280600263773 0.7626105825970945 0.07518246905733804 0.01695199252393664
7 0.752544714263388 0.7961179277526543 0.41313743142709325 0.01874298927707997
4 0.6323259934493004 0.8471405096735939 0.22396076415619384 0.06914080488878327
4 0.6341567353906316 0.8902493850108774 0.22274026952863962 0.016243924040135766
4 0.6353772300181858 0.9323169831661008 0.2190787856459771 0.06622522877901531
4 0.6341567353906316 0.9758423693762083 0.22274026952863962 0.01749345665860773
4 0.865135343655262 0.8288140312693381 0.22457101146997105 0.024157630623791847
4 0.8663558382828163 0.8908741513201133 0.22945298998018784 0.09579750074951904
4 0.8691019511948131 0.9660543638648444 0.22518125878374803 0.04623270688346366
