7 0.0757512520571197 0.048440518277047546 0.1284894655146081 0.013556732077535499
7 0.24139718614404912 0.06993289839996968 0.2756770248914166 0.023476292134268766
4 0.1246539590813362 0.12498645671483942 0.22437712634640516 0.05819475233283528
4 0.12561283568965417 0.20682282718288902 0.2224593731297692 0.10415538059569947
4 0.12753058890629013 0.27543311757529426 0.2234182497380872 0.030419984173982045
4 0.12753058890629013 0.32370830985139626 0.2234182497380872 0.05025910428744865
4 0.12681143145005164 0.3800844761738304 0.22197993482561024 0.06646105238011295
4 0.12657171229797215 0.4381139025057202 0.2253360029547231 0.04827519227610196
4 0.1280100272104491 0.4966393068404466 0.2243771263464052 0.06679170438200423
4 0.1284894655146081 0.5639269892252874 0.2234182497380872 0.0657997483763308
4 0.12848946551460808 0.6214604375543403 0.2253360029547231 0.04992845228555751
4 0.12920862297084657 0.7363620082115009 0.22581544125888212 0.17987468902876358
4 0.12896890381876708 0.8492226871376539 0.22821263277967707 0.04629128026475527
4 0.12777030805836959 0.9203128675442426 0.22389768804224616 0.09456647254085737
4 0.3581882964688657 0.1413679866278036 0.2222850319282569 0.08386537138874509
4 0.35971378198209886 0.2501825545228778 0.21836235489422878 0.1325613934854358
4 0.361239267495332 0.3747782406900278 0.2205416199131333 0.11482642247491263
4 0.3629826795104556 0.49441414682881096 0.2214133259206951 0.12444538980265392
4 0.3621109735028938 0.615102127519066 0.2231567379358187 0.11753175703583978
4 0.36145719399722237 0.7066326134971049 0.2227208849320378 0.06613040037822202
4 0.3621109735028938 0.772161828417343 0.2240284439433805 0.06492802946225411
4 0.3610213409934416 0.8471541558042182 0.22359259093959952 0.08447767383994574
4 0.35927792897831795 0.92710626321946 0.22272088493203776 0.07484758951898755
7 0.701858389950102 0.05726291487296034 0.2558457132193857 0.024949196506329176
7 0.7025121694557732 0.08687129867866425 0.34345216697934594 0.03066045835717561
7 0.7031659489614447 0.11317316246545704 0.2907139535218576 0.01773497101052314
7 0.7362907772487928 0.13556732077535494 0.33952948994531795 0.024047418319353416
3 0.9019149186855333 0.02840601288973623 0.01961338517014042 0.010520745514717125
5 0.47303556296513166 0.025700678328808974 0.07888939368434202 0.010520745514717125
7 0.589408314974631 0.18125741558212646 0.20877358881104904 0.029458087441207967
4 0.5914606290524312 0.3123801923462778 0.22253080080719967 0.2284503745376644
4 0.5927346603547626 0.45413657859785417 0.22168144660564543 0.04686161528977735
4 0.5931593374555396 0.4974835727408981 0.2225308008071996 0.04100391337855505
7 0.5925355306733833 0.5411960987874305 0.10460472090741497 0.012296975276942205
7 0.5818373205805795 0.553766340181638 0.1576995413679969 0.009564314104288272
4 0.5824316655857353 0.5733048675661127 0.16285053141268016 0.02623354725747653
4 0.5909506106596346 0.5974889189440987 0.21871896189732226 0.01830882985678059
4 0.5923374156716648 0.6168908132699407 0.22149257192138244 0.017215765387718917
4 0.5913468406630717 0.6357461753612519 0.220303881911071 0.02049495879490344
4 0.5911487256613532 0.6849340764690202 0.2199076519076339 0.037437458065357136
4 0.592139300669946 0.7522941743749363 0.22268126193169416 0.09564314104288286
6 0.673168336372849 0.8058543333589508 0.043189070374652375 0.006558386814369186
7 0.6522178513545928 0.8327628304835147 0.347492088471391 0.012002667668647292
7 0.7061690437216034 0.8485663429139002 0.4461125476368943 0.008401867368053217
4 0.7044286826775062 0.8721715893289066 0.434510140676247 0.02600577994873589
4 0.6348454044033918 0.894852663398627 0.31499096583245334 0.011903472068079991
7 0.7038845202022856 0.9102279814865638 0.2478696032501954 0.0135567320775354
7 0.7070008691793191 0.9209741715480245 0.17739217253882472 0.00661304003782206
7 0.709398060700114 0.9302324276009759 0.15917351698078291 0.008596952049168891
7 0.7036448010502063 0.9409786176624368 0.2742387099789398 0.010250212058624584
4 0.8172716791358857 0.9542046977380813 0.1908164450552762 0.011572820066188854
7 0.8168545678112674 0.17612512098237054 0.2215004965214513 0.020831076119139914
4 0.819012040179983 0.20290793313555042 0.21910330500065642 0.024137596138050946
4 0.8192517593320623 0.23415454731426025 0.2176649900881793 0.035049112200457595
4 0.8235667040694932 0.26275594547784126 0.20807622400499967 0.01752455610022885
4 0.8161354103550289 0.28738951961872894 0.19417251318438913 0.02843607216263546
7 0.8226078274611752 0.33467275588915757 0.15342025733087525 0.03372650419289311
7 0.8192517593320625 0.36310882805179306 0.16684452984732687 0.019839120113466606
4 0.820929793396619 0.38856903219740846 0.22293881143392824 0.030419984173982045
7 0.8226078274611754 0.40873880431276616 0.17355666610555262 0.009919560056733374
4 0.8228475466132548 0.42378347039881165 0.22389768804224616 0.02083107611914002
7 0.8259638955902883 0.4563526925850859 0.14574924446433157 0.01058086406051551
7 0.8233269849174139 0.47172801067302245 0.22293881143392824 0.019508468111575538
4 0.7533289925102018 0.4905751747808158 0.08486057983614045 0.01025021205862437
7 0.8233269849174139 0.5047932108621335 0.15677632545998832 0.009588908054842235
4 0.8221283891570164 0.5252936349793822 0.22054161991313337 0.0294280281683087
7 0.786410235497172 0.5608387251826765 0.15006418920176245 0.011242168064297644
7 0.8221283891570164 0.5753874132658854 0.13807823159778793 0.009258256052951098
7 0.8202106359403806 0.5886134933415298 0.18218655558041447 0.017855208102119845
7 0.8228475466132548 0.6018395734171742 0.12033901434390529 0.011242168064297644
4 0.8269227721986063 0.6306062975817006 0.21287060704658956 0.04959780028366644
7 0.8214092317007777 0.6772282298483472 0.15389969563503442 0.011242168064297715
4 0.8199709167883009 0.6987206099712693 0.2008846494426149 0.019177816109684328
7 0.8192517593320623 0.7286446161424146 0.12081845264806447 0.013556732077535542
4 0.8051083293593723 0.7777464384232445 0.15581744885167026 0.07009822440091526
2 0.4987570726410244 0.9907417439470488 0.20567903248420472 0.016532600094555504
