3 0.08953264108299991 0.03786069693653801 0.02041460871599348 0.011618626573117493
5 0.4269569594316347 0.030048172171855566 0.109655612531622 0.01682697641623912
5 0.8804287203777525 0.024839822328733937 0.09332392555882735 0.013621838051241198
7 0.15950139543581204 0.05749216942215032 0.20414608715993465 0.008413488208119562
7 0.27323992971063277 0.08653873585494404 0.42345731222317873 0.04567322170122047
6 0.3904781111939094 0.09935928931493576 0.1819816548397131 0.012019268868742227
4 0.2644908116894927 0.1450325110161562 0.42812350850112013 0.04967964465746785
4 0.2636158998873787 0.18950380583050244 0.4252071358274067 0.047275790883719394
4 0.2609911644810367 0.23137092572328785 0.42229076315369335 0.04767643317934414
4 0.2606995272136653 0.32672379208197616 0.4263736848968919 0.14783700708552938
4 0.2574915172725807 0.42668404484034894 0.42345731222317873 0.054487352204964805
4 0.2563249682030953 0.48938456410562076 0.42112421408420814 0.07171497091682931
4 0.256033330935724 0.5572934332140146 0.42404058675792133 0.06730790566495642
4 0.2571998800052093 0.6221974851052225 0.4205409395494653 0.06009634434371108
4 0.26069952721366535 0.6762841950145625 0.42404058675792133 0.04967964465746822
4 0.26040788994629394 0.7027265865257953 0.42229076315369324 0.016826976416239335
4 0.2601162526789227 0.7568132964351355 0.4275402339663774 0.09294901258493994
4 0.2647824489568639 0.8183118888135332 0.4287067830358626 0.03725973349310075
4 0.261282801748408 0.8489578545494726 0.4263736848968921 0.03445523742372771
4 0.26040788994629405 0.8768024940953921 0.42462386129266405 0.0356571643106021
4 0.2601162526789227 0.9152641544753672 0.43453952838328946 0.043670010223096654
4 0.26040788994629405 0.9549277417422166 0.4444551954739148 0.042067441040597654
4 0.7314895679312126 0.07293692991848409 0.4536126056693749 0.029527337187543457
4 0.7302063639547778 0.11127839760977182 0.44591338181077167 0.05156266344690417
4 0.7314895679312116 0.151603044664402 0.453612605669375 0.034375108964602816
4 0.728923159978344 0.17936755575119656 0.45232940169294106 0.027323804561607296
4 0.7279607569960186 0.21308160492801853 0.4491213917518563 0.04186711989278546
4 0.7292439609724524 0.24547353452927884 0.4504045957282903 0.027323804561607334
4 0.7276399560019101 0.279628290231288 0.45489580964580884 0.042748532943159855
4 0.7266775530195847 0.3091556274188314 0.4568206156104596 0.01630614143192698
4 0.7253943490431507 0.3300891873652241 0.45297100368115784 0.024679565410484054
4 0.7273191550078016 0.36622712243057576 0.45425420765759184 0.04847771777059371
4 0.7241111450667168 0.4362994599353429 0.4555374116340256 0.09254837028931526
4 0.7237903440726089 0.5101178029042014 0.45489580964580867 0.05244407649727867
4 0.7215447371138491 0.5660875316029778 0.451687799704724 0.05773255479952524
4 0.7231487420843915 0.6216165537765669 0.44719658578720534 0.050681250396529764
4 0.7247527470549338 0.6689925052341925 0.4465549837989885 0.04230782641797262
4 0.7237903440726093 0.7227587013070328 0.44719658578720556 0.06434315267733316
4 0.7247527470549342 0.7776266636928413 0.44783818777542206 0.05332548954765356
4 0.7266775530195847 0.8278672075641836 0.4465549837989886 0.04362994599353428
4 0.7260359510313683 0.8666493817806586 0.4478381877754223 0.038341467691287
4 0.728281557990128 0.8920269013291324 0.4433469738579035 0.02027250015861187
4 0.7276399560019101 0.9120790482251507 0.44847978976363934 0.027764511086794386
4 0.6929934486381955 0.9356568473226667 0.3535226955075328 0.02115391320898638
6 0.891248462997229 0.9557089942186849 0.06480180080991062 0.01366190228080356
2 0.49794644422024636 0.9918469292840365 0.2098038501469385 0.016306141431926876
