7 0.3807025782533252 0.13555257082414843 0.6398455524199573 0.1208473192794688
2 0.8304731133740898 0.14646781256551986 0.23759377162399103 0.18010148873262774
7 0.2398039462437491 0.21351858326251544 0.35583811378104707 0.016372862612057056
7 0.5950895163698567 0.21195926301374807 0.21991237466592672 0.01637286261205709
7 0.18008839290381612 0.2303941124879748 0.234332448106676 0.011203910807880604
7 0.5776480168855904 0.23100286145220403 0.25634828049844743 0.014061005439931228
7 0.22231981695289396 0.2773647483548972 0.18938354777468747 0.022268949414563616
4 0.1269278662082156 0.30252985991970893 0.17023266762043032 0.021070594059903733
4 0.1269278662082156 0.3400054164976806 0.17023266762043032 0.05508455304231976
4 0.1279944869326544 0.41104341932821314 0.16980601933065484 0.08939952051130576
4 0.13164232981023502 0.577873008579517 0.1682956843848495 0.2418422584498435
4 0.13473979639400524 0.7699992003450177 0.17036066210736295 0.14095324400615894
4 0.13732101854714712 0.8952866727344425 0.17242563982987646 0.10744497928118037
4 0.13757914076246133 0.9630316427218989 0.17190939539924813 0.02658807961873279
4 0.32007154698959056 0.3810076532597742 0.1693281732461071 0.17956059249363562
4 0.3198134247742769 0.5383508093596734 0.16984441767673464 0.13512571970616258
4 0.3231690135733612 0.6898664411595754 0.1682956843848495 0.16936242496864046
4 0.32420150243461804 0.8240816101938637 0.17242563982987652 0.09979635363743554
4 0.325492113511189 0.9142261267094304 0.1739743731217616 0.07466515509370168
6 0.39286201170819157 0.9652169643343973 0.04026706558901303 0.017118352631238877
7 0.49688526447980863 0.27920808814421605 0.1615845067866806 0.02986606203748071
4 0.5012733421401498 0.3413076439660509 0.16623070666233603 0.07830735778119938
4 0.5017895865707781 0.398308116025389 0.16416572893982243 0.03569358633747683
4 0.5020477087860924 0.44146821787223617 0.16571446223170752 0.04989817681871777
4 0.5023058310014065 0.5061173155753192 0.16313324007856572 0.0779431375124495
4 0.5025639532167208 0.6270384448002411 0.16571446223170752 0.16389912093739398
4 0.5033383198626633 0.7652600367907767 0.16416572893982243 0.11327250358117681
4 0.50437080872392 0.8900054788375712 0.16416572893982248 0.13621838051241197
4 0.505661419800491 0.9652169643343973 0.1646819733704509 0.020032114781237027
7 0.7568488731740364 0.28102918948796485 0.27567452595555125 0.027680740424982097
7 0.6639248756609293 0.30616038803169865 0.10324888612567441 0.010926608062492953
4 0.6899952194076622 0.36734939318165905 0.17294188426050483 0.10999452116242889
4 0.691285830484233 0.45348748674097833 0.17345812869113325 0.06301010649370924
4 0.692834563776118 0.540718241106547 0.17345812869113317 0.10926608062492932
4 0.6879302416851486 0.6569045068377218 0.16364948450919428 0.1056238779374317
4 0.6901082769379697 0.8328464074301162 0.17040609161725825 0.251599355229381
6 0.7581332893174397 0.9647057997661309 0.019239397440658338 0.014058538153472142
4 0.8773488413158038 0.36576359671044634 0.1710932129544247 0.1270116205589554
4 0.8773488413158038 0.43799539618863087 0.1738416983030902 0.018421532752825556
4 0.8794102053273031 0.4772623475828117 0.17384169830309004 0.06302103310177173
4 0.8797537659958863 0.5540995302492028 0.1745288196402565 0.08774466916477451
4 0.877348841315804 0.6074250197968557 0.1655962422570937 0.017936755575119676
4 0.8776924019843871 0.7671590998509618 0.17727730498892186 0.3015314045330924
6 0.8849071760246339 0.9350398581874043 0.149105330165101 0.026177967596120483
3 0.886320378478784 0.04258573595275572 0.044264631388792136 0.01987334344461934
2 0.49998913182340116 0.9907730905435695 0.35814110850931746 0.01561476984934373
