7 0.207884846887982 0.049432474282720885 0.2644042976754964 0.018847164107793243
4 0.11037060132325767 0.08382028247939627 0.18095927162011038 0.03339585219100206
4 0.11206861057438472 0.14532155483114267 0.18144441712043238 0.08630017249357963
4 0.11425176532583375 0.19806054913277463 0.18387014462204243 0.019177816109684328
4 0.3012753556999692 0.07786854644535632 0.18532558112300845 0.02744411615696209
4 0.3024882194507743 0.1297809107422605 0.1819295626207544 0.07770322044441073
4 0.3041862287019013 0.18814098907604135 0.1804741261197884 0.0357104162042398
4 0.11352404707535073 0.27741702958664094 0.1824147081210764 0.12234124069971056
4 0.11473691082615575 0.3660317660934582 0.18581072662333045 0.05224301629879527
7 0.12419724808243499 0.39909696628256924 0.16786034311141607 0.009919560056733303
4 0.11570720182679978 0.47217105870050446 0.1867810176239745 0.12961558474131493
4 0.12128637508050291 0.5422692831014198 0.17271179811463613 0.009258256052950956
4 0.30467137420222334 0.26898540353841766 0.1804741261197884 0.10349407659191734
4 0.30564166520286734 0.35429362002632386 0.1795038351191443 0.06778366038767743
4 0.3066119562035114 0.4495213965709635 0.17756325311785626 0.12201058869781953
4 0.30685452895367243 0.5280512470201021 0.18095927162011038 0.03504911220045756
4 0.49387811932780734 0.04315008624678977 0.18920674512558436 0.020831076119139903
4 0.4955761285789349 0.11721613467039833 0.1858107266233305 0.13457536476968163
4 0.49630384682941797 0.2200489072585334 0.18629587212365245 0.06844496439145971
4 0.49581870132909583 0.29461093368497865 0.18241470812107635 0.07472735242739077
4 0.4953335558287739 0.40025424828918815 0.18144441712043233 0.1319301487545527
4 0.4953335558287739 0.5062282148952888 0.18047412611978836 0.07869517645008407
6 0.3721065987469823 0.5391280890834542 0.03493047602318478 0.008266300047277946
5 0.48999695532523185 0.015375318087936596 0.037841349025116953 0.012234124069971052
3 0.9485745769658667 0.018020534103065474 0.01261378300837208 0.010250212058624399
4 0.6887700319871962 0.07139077313558048 0.1847963314862936 0.0808594440988259
4 0.6884439927102131 0.22376421300868665 0.18822280164541624 0.2214211322441978
4 0.6871547954386691 0.3866083261406628 0.1856444071023283 0.10309555363751002
4 0.6862953305909731 0.465394416846601 0.18908226649311216 0.05213354700987722
4 0.6841466684717332 0.5181137340476005 0.18134708286384835 0.05213354700987715
4 0.8778281373523091 0.135792180669241 0.18467839702557895 0.21349144982222917
6 0.9268389427167897 0.249073358125934 0.0724507557561887 0.010166259515344257
7 0.8774729865887985 0.2706161461465445 0.13850879776918418 0.015491443071000682
4 0.8764075342982646 0.4124596717653945 0.1846783970255757 0.2633545322070116
7 0.2106044027618622 0.5671320486774185 0.24931583598453166 0.023721272202469876
7 0.21238015657941584 0.5918215360718257 0.36793619099711505 0.018880196242782147
4 0.11435854585045467 0.6566919539316416 0.18609900007962188 0.09052812044616061
4 0.11471369661396538 0.8245109964613195 0.18680930160664333 0.23866504481260534
4 0.3075605612002911 0.6420024327810917 0.18609900007962188 0.06341809507190924
4 0.30578480738273744 0.7356772526010495 0.18538869855260035 0.11618582303250577
4 0.3054296566192267 0.8714694332702905 0.18609900007962185 0.15249389273016362
4 0.4950801643339559 0.5643031636281036 0.1818371909174931 0.01742787345487578
4 0.49436986280693446 0.6226381289423408 0.18041658786345016 0.0982738419816613
4 0.4932273206959279 0.7255045893935781 0.18002506582196964 0.10438765679537497
4 0.4938287407376494 0.8499773058079587 0.18122790590541263 0.1407320503916705
4 0.4921112204412772 0.9323760606735553 0.1826042256464401 0.021569173870491197
4 0.6819072369803739 0.7009825428531964 0.18361294473504672 0.294482650627805
4 0.6783912444216178 0.8961589206646982 0.17970628633642888 0.08626797360163523
4 0.8765495946036707 0.5766479073253075 0.1875196031336648 0.042601468445252026
4 0.8743032112802066 0.6212263424775268 0.18804399971158975 0.04344931264519523
4 0.8716970577660796 0.6866735775625853 0.1852373728502228 0.08689862529039076
4 0.8700932709881556 0.7425564985433556 0.1852373728502228 0.023227619967557303
4 0.8686899575574722 0.7771246623774261 0.18082695921093161 0.04262951429339907
4 0.865081437307143 0.8703084083649205 0.18403453276677964 0.13991225203987454
6 0.9033718466300789 0.9339794136877541 0.0721704050065803 0.009291047987022835
