2 0.10453823795426376 0.07009635601038991 0.19698114259150526 0.12142213970000594
2 0.8751588811207346 0.07068293639541408 0.18920557117341957 0.11790265738986083
7 0.48422042926697967 0.06745674427778109 0.3766832375872645 0.11027711238454646
7 0.4976116911536828 0.134326908170538 0.341261190015985 0.011731607700483674
7 0.11231380937234951 0.1583767039565295 0.20216485687022911 0.010558446930435306
7 0.49547668980801873 0.1586699941490416 0.14428004742447975 0.009971866545411122
7 0.9300198572372284 0.15691025299396905 0.07429990466170822 0.012318188085507841
7 0.04838133326808901 0.1926916564804442 0.07602780942128273 0.014664509625604545
7 0.2989275234064071 0.21732803265145997 0.33175771383832464 0.027569278096136608
4 0.10496895121498405 0.5383671440937168 0.18851028164353173 0.5867382691215818
4 0.10533857656273621 0.892223911383591 0.1882439377463712 0.11489493932378733
4 0.2976534382389818 0.29540122224597776 0.18646878765985103 0.10376635456680791
4 0.2984044002404459 0.5502995387139867 0.1851372194170011 0.3989573696507332
4 0.29836901043337316 0.7928390738094399 0.18660759469140978 0.08701881702661553
4 0.2975629301107321 0.8939505608891077 0.18580151436876868 0.11192042818831993
4 0.49039432485593454 0.31004682658596816 0.18668336624173798 0.1322119575561645
4 0.49039432485593454 0.4857831062577295 0.18346468751343223 0.21197619641236287
4 0.48932143194649924 0.6718996635888591 0.18561047333230277 0.16098535878739598
4 0.488248539037064 0.8495770290063472 0.18346468751343217 0.19522206404987374
1 0.3139034412538316 0.9748688014562663 0.0901230043925633 0.02331009719998505
1 0.43487211679265897 0.9746866913218913 0.0831492004812339 0.02294587693123532
1 0.7105664955749319 0.12277980774817361 0.04921120369723795 0.019866560113623546
7 0.7761814338379156 0.19637638271455166 0.2815235526823969 0.01836151768077329
4 0.6844126483989338 0.2481388202276331 0.18983191598197408 0.06074898547141075
4 0.6840096082376133 0.3239382300275465 0.18983191598197408 0.08866068149881567
4 0.683002007834312 0.39590662272565924 0.1870106348527304 0.055276103897409785
4 0.6825989676729912 0.4555610318822698 0.18781671517537135 0.0629381381010112
4 0.6803822467857285 0.5279398906984326 0.18580151436876882 0.07963042690171412
4 0.6785685660597861 0.6349347254701515 0.1837863135621661 0.13381195448432373
4 0.6819944074310107 0.7069031181682641 0.17290422920651166 0.012313983541502154
4 0.8752590700712932 0.22921578951922747 0.17935287178764014 0.025722543397804536
4 0.874928259828386 0.3449224577743237 0.18107731585908027 0.20169772115357687
4 0.8727146007103042 0.46185302935217964 0.18019185221184741 0.02434801104834534
4 0.8702795756804145 0.5503775880402995 0.1859473659188599 0.1490939935799912
4 0.8671804529151 0.6626489723187806 0.18417643862439462 0.07003810585511694
6 0.9127818307475823 0.705483436200129 0.07083709177861337 0.007815410953789837
4 0.6770271346718851 0.7421557491371431 0.18284824315354556 0.03366638564709476
4 0.6759203051128442 0.8268907434067594 0.1832909749771619 0.1305215549947009
4 0.6763630369364606 0.9183890740786944 0.17797819309376572 0.053806098489553165
4 0.8640813301497857 0.777260787816989 0.18063458403546379 0.10400508423120357
4 0.8618676710317041 0.8623285301217016 0.17797819309376592 0.06071973125636731
4 0.861646305119896 0.9224470759200852 0.179306388564615 0.046291280264755416
