5 0.49775677691815884 0.03674816751217509 0.06940018330786281 0.011882640991960809
7 0.17086162221430212 0.08182021560866506 0.2771380332107862 0.056739883524514416
7 0.1660418303323754 0.1165552084073261 0.11422906760166317 0.00909293005200551
7 0.04337812693734045 0.13455920991029705 0.06072937771227663 0.014548688083208835
4 0.08820219143925892 0.17856899136200377 0.15423334022165494 0.06183192435363747
4 0.08723823306287355 0.23439958188131763 0.1494135483397282 0.05128412549331106
4 0.08723823306287358 0.279682373540305 0.1513414650924989 0.04219119544130557
4 0.08796120184516257 0.32241914478473094 0.15375136103346226 0.04400978145170676
4 0.08772021225106622 0.372066542868681 0.15616125697442557 0.05673988352451438
4 0.08868417062745157 0.42116836514951084 0.15519729859804027 0.04000889222882421
4 0.0874792226569699 0.45808566116065313 0.15760719453900363 0.03455313419762099
4 0.08772021225106624 0.5068237662394027 0.15905313210358163 0.0585584695349155
4 0.08988911859793326 0.5559255885202324 0.15857115291538895 0.03964517502674404
4 0.09013010819202959 0.6121198962416265 0.15423334022165494 0.06328679316195832
4 0.0908530769743186 0.6632221631338976 0.1566432361626183 0.029461093368498014
4 0.09181703535070394 0.7179616020469708 0.1566432361626183 0.07201600601188375
7 0.0935039625093783 0.7637899695090786 0.06072937771227663 0.01382125367904834
4 0.09398594169757085 0.8358059755209624 0.15712521535081073 0.1192992422823123
4 0.09808276479720866 0.9372830749013439 0.1527874026570769 0.07201600601188375
7 0.25472600095982695 0.7583342114778753 0.0988057335794977 0.01236638487072753
4 0.24990620907790023 0.7959789418931781 0.14700365239876487 0.038190306218423016
4 0.25352105298934524 0.8423528851584063 0.15712521535081092 0.03637172020802211
4 0.25689490730669395 0.8892724042267548 0.1542333402216549 0.038554023420503396
4 0.25713589690078975 0.9358282060930216 0.15664323616261938 0.04000889222882165
6 0.2944892839857224 0.9649255822594407 0.0886841706274516 0.012366384870727672
7 0.24662246985865507 0.13358311785309998 0.07374041264610237 0.013166458377331925
4 0.24678706899402583 0.19444693488038914 0.1576859716851921 0.08570619132414188
4 0.24711626726476738 0.2612729217389229 0.1603195578511243 0.034530900272625294
4 0.24711626726476738 0.3284715442119095 0.15834436822667514 0.08893569998273271
4 0.24793926294162116 0.40722187073293253 0.15801516995593354 0.055646918424950086
4 0.24826846121236273 0.46510460284459937 0.1593319630388997 0.0526658335093277
4 0.2502436508368119 0.5539160909558478 0.1573567734144506 0.11352965053661691
4 0.2523834395966318 0.6509255625850576 0.157027575143709 0.07104919048899866
4 0.25271263786737336 0.7099262015400828 0.15702757514370902 0.037511985188247506
7 0.4079824520313705 0.07692618823996664 0.1624269864209303 0.036735437410102253
4 0.4084644312195631 0.1556709624903344 0.15857115291538892 0.0938390381366969
4 0.40870542081365946 0.25551133446135493 0.15616125697442557 0.10147709938038155
4 0.4113563063487193 0.3920871438424777 0.15664323616261847 0.1716745193818641
4 0.41087432716052674 0.5381196004776863 0.15664323616261855 0.120390393888553
4 0.41352521269558623 0.6243205773706986 0.15808917372719633 0.052738994301631904
4 0.41473016066606805 0.7461658400675725 0.15953511129177456 0.18731435907131355
4 0.41834500457751295 0.8725171206708825 0.15616125697442557 0.0621956415557176
4 0.419790942142091 0.9256198321745948 0.15808917372719627 0.04546465026002778
6 0.4653379754262985 0.9501707433150096 0.06795906553516673 0.01236638487072753
7 0.6462369131436503 0.0753925832884285 0.27448551814428634 0.024047418319353423
4 0.5694678764067259 0.1525902614158983 0.15715925445200568 0.09209068151843301
4 0.5716405849936199 0.20888308157256652 0.15715925445200568 0.01612270091865742
4 0.5714595259447122 0.2616234422047849 0.1567971363541899 0.08607882693859463
4 0.5718216440425278 0.3788546065116328 0.1567971363541899 0.14674390497150896
4 0.5749967765915542 0.6062658489289331 0.1571710033736892 0.30789243103614006
4 0.5785251052387187 0.8441173540980549 0.15652948907420472 0.16556479782132058
4 0.5807704052869143 0.9527995093930446 0.15845403197265825 0.04792665200090866
4 0.727904986289287 0.13068405977534964 0.1550768713410507 0.0515325285000829
4 0.7291292773788217 0.18601480252743066 0.15643719477386683 0.05871833924710639
4 0.7265446628564709 0.21968545859919797 0.15017970698291208 0.00739111962550993
4 0.7307616654982013 0.25304815135323566 0.1558930654007402 0.06015550139651115
4 0.7309281474180582 0.3593313630469065 0.1549503340553302 0.15149873541192654
4 0.733118961909843 0.46438852182958185 0.15614532377812168 0.05861558215342406
4 0.7341147866788361 0.5159401748516959 0.15734031350091343 0.043285352974836114
4 0.734712281540232 0.5536645623401815 0.15694198359331624 0.033365792918102814
4 0.7343139516326349 0.5831226497813894 0.15614532377812168 0.025550381964313047
6 0.7956567574026111 0.5987534716889692 0.037443011314141475 0.007514818224797964
7 0.7311273123718567 0.6271594845787054 0.10037913671450681 0.00721422549580609
7 0.7355089413554264 0.6394837864673739 0.15853530322370502 0.007815410953789908
4 0.7351106114478293 0.66157735204828 0.15773864340851076 0.026752752880280468
4 0.7353097764016278 0.7093715959579948 0.1573403135009137 0.06823454948116535
4 0.7375005908934128 0.7721954763173057 0.15614532377812168 0.0580143966954401
4 0.7378989208010099 0.8270536493583306 0.15614532377812168 0.05170194938660984
4 0.739492240431399 0.8778538205579648 0.15534866396292712 0.05170194938660984
4 0.7408863951079894 0.9324114008699977 0.15734031350091343 0.05981795306939148
4 0.7444713642763645 0.9672801574330603 0.14778039571857945 0.010520745514716908
4 0.8852013206304729 0.07257811441509855 0.1559859918150829 0.043315412247735365
4 0.8873921351222578 0.15805165690395037 0.15686231761179684 0.12564776071862163
4 0.8884875423681501 0.24121063537956441 0.15642415471343996 0.04199280424017097
4 0.8891447867156856 0.2833687656206809 0.1542333402216549 0.042984760245844314
4 0.8898020310632211 0.363551876079275 0.1555478289167259 0.11738146067134388
6 0.9450105562561998 0.4179441303903625 0.05038873331105194 0.010580864060515581
4 0.891554682656649 0.4435696605369235 0.15730048051015375 0.041331500236388694
4 0.9228833298891724 0.47696551272792553 0.08325095068782502 0.007604996043495476
4 0.8926500899025414 0.511683972926492 0.15510966601836884 0.058525404334726264
4 0.8944027414959692 0.609391639485315 0.15510966601836884 0.13622862477913722
4 0.8961553930893961 0.7775281824469418 0.1568623176117951 0.20004446114412086
4 0.897469881784468 0.9243376712865968 0.15335701442494112 0.09291321253140182
6 0.9401907643742731 0.9655038455220399 0.07755483300918456 0.01190347206807985
2 0.5020278660172989 0.9909070699479944 0.1906008607852837 0.018185860104011197
