2 0.11547677655356152 0.09836186154456446 0.19975982645369342 0.13511002905673955
1 0.21025771523128992 0.01584352132261441 0.056988539078380994 0.03168704264522882
2 0.8708524190524729 0.10129524077934143 0.20177760247847829 0.12475500031351565
7 0.48933557909498965 0.09639434265107193 0.40480080481895486 0.12616318376390295
7 0.040788190807018704 0.1822092655740599 0.05273169419249932 0.0162019480926644
7 0.16878649124009398 0.20849609972440306 0.199659320745959 0.0257908561475066
4 0.09104104467422959 0.25925118201468833 0.15413879840884415 0.038024980217477626
4 0.09104104467422959 0.31513137033428584 0.15594159137269029 0.07770322044441073
4 0.0908156955537488 0.38754415874843884 0.15729368609557487 0.0704288764028064
4 0.09126639379471035 0.47152976722878065 0.1563922896136518 0.10217146858435278
4 0.09149174291519113 0.5518782036883203 0.15954717730038256 0.06050931634607302
4 0.09329453587903724 0.6282588161251667 0.15413879840884415 0.09423582053896616
4 0.09487197972240262 0.7248092006773706 0.15278670368595956 0.1001875565730063
4 0.09644942356576788 0.8210289332276831 0.15684298785461323 0.09291321253140133
4 0.0989282638910564 0.9256032995744999 0.1563922896136518 0.11705080866945253
4 0.25173418109541934 0.3208942630920238 0.15999787554134404 0.16003556891529705
4 0.2524102284568616 0.4890308060536529 0.15864578081845948 0.1775601250155259
4 0.2526355775773424 0.6217875848129334 0.15999787554134412 0.09059864851816393
4 0.25624116350503456 0.7757060916932442 0.16450485795095923 0.21657706123867582
4 0.25894535295080384 0.9332082956179957 0.15999787554134406 0.10316342459002627
7 0.49398099025989395 0.18344771911025987 0.10737840521084414 0.01320293443551197
7 0.4948808092979737 0.20787314781595712 0.3203355775563732 0.017163814766165617
7 0.4966804473741332 0.23229857652165428 0.10557876713468488 0.014963325693580281
4 0.4141970355501606 0.2884110478725803 0.1601677887781866 0.07789731316952082
7 0.4120974577946413 0.33330102495332115 0.046790589980144404 0.010122249733892516
4 0.4144969752295205 0.3850125181590765 0.15716839198458765 0.08537897601631109
4 0.4168964926643997 0.45608831520358295 0.15716839198458765 0.060293400588838114
4 0.41599667362632 0.5273841611553476 0.15896803006074706 0.08405868257275977
4 0.41749637202311946 0.6026408874377661 0.15716839198458765 0.06909535687917945
4 0.4177963117024794 0.6831787874943894 0.1553687539084283 0.0928606388631011
4 0.41959594977863873 0.7540345356316371 0.1577682713433075 0.05061124866946258
4 0.41989588945799866 0.796063876918017 0.1583681507020273 0.03432762953233109
4 0.42169552753415807 0.8501466941569384 0.15836815070202717 0.04621027052429198
4 0.4225953465722378 0.8967970624957476 0.15896803006074697 0.050611248669462865
4 0.4246949243277571 0.9493887513305372 0.15596863326714797 0.059853302774321125
4 0.5727342352539706 0.2525890541661769 0.15098391072211334 0.010911516062406612
4 0.5747623773382976 0.28251306033732226 0.15864578081845948 0.05025910428744861
4 0.5758891229407014 0.3369053146484098 0.15999787554134406 0.05918670833850864
4 0.5763398211816629 0.4506496032989516 0.15909647905942095 0.16764056495879268
4 0.5783679632659898 0.5586074819163989 0.15954717730038254 0.05025910428744858
4 0.5776919159045475 0.599773656151842 0.15999787554134406 0.034057156194784284
4 0.5790440106274322 0.6672266645376282 0.15909647905942087 0.1001875565730061
4 0.5783679632659898 0.7424499949678557 0.15774438433653637 0.05025910428744879
4 0.5808468035912783 0.8130162929305774 0.1572936860955749 0.09026799651627286
4 0.5833256439165667 0.9211394975489704 0.15413879840884412 0.09026799651627272
6 0.6123956804585856 0.9707372978326367 0.10501269014403711 0.00892760405106003
7 0.8141813698429547 0.18286864463231345 0.22211133135959343 0.01970317915592904
4 0.7466625187555225 0.20105533895216302 0.13385737756557517 0.00872921284992529
4 0.744183678430234 0.21851376465201358 0.14278120273661357 0.02400533533729451
4 0.7350119692266668 0.24688370641427076 0.15914154888351717 0.032734548187219874
4 0.7392259977796571 0.2928939324774184 0.15864578081845962 0.05855846953491551
4 0.8487907401574057 0.20196463195736356 0.05949216780692226 0.008365495647845087
4 0.8966323584354724 0.23870006936746585 0.1611246211437478 0.06365051036403856
4 0.8983675466631744 0.2790726787983704 0.15864578081845962 0.015639839689449497
4 0.8973760105330589 0.2954399528919803 0.15963731694857472 0.014912405285289018
4 0.8996069668258186 0.31126165118246985 0.16211615727386344 0.01745842569985058
6 0.9318318910545682 0.3161718334105528 0.08675941138509487 0.011275233264486815
7 0.7407133019748302 0.3505431090071336 0.13980659434626744 0.030552244974738515
4 0.7389781137471283 0.37527587874858864 0.15616694049317104 0.018185860104010985
4 0.7397217658447147 0.4456551573511113 0.15666270855822872 0.12402756590935525
4 0.739225997779657 0.5291282552285219 0.15864578081845948 0.04073632663298476
4 0.9005985029559338 0.3572718772456177 0.15914154888351717 0.04982925668499021
4 0.9013421550535208 0.41964937740237546 0.16162038920880561 0.07565317803268584
4 0.9015900390860494 0.4954844140361015 0.16013308501363255 0.07383459202228479
4 0.9015900390860494 0.5409490642961291 0.15914154888351717 0.017822142901930817
7 0.711215102103898 0.5604079346074209 0.10064091720671044 0.01163895046656691
7 0.823010800774406 0.5775026431051914 0.07535674588876816 0.021823032124813294
4 0.7390457184832726 0.616658829639952 0.15774438433653643 0.04860584427799303
4 0.7410738605675994 0.7361895283235882 0.15639228961365176 0.18979424908549689
4 0.7431020026519264 0.8520332291537284 0.15864578081845962 0.04199280424017104
4 0.7442287482543303 0.9067561354667071 0.1581950825774979 0.06745300838578629
4 0.7462568903386572 0.95684991375321 0.15864578081845948 0.03471846019856642
4 0.9012970852294242 0.6187582418195505 0.15684298785461337 0.05951736034039982
4 0.9017477834703856 0.722582970413359 0.15864578081845948 0.15011600885856383
4 0.9030998781932703 0.8513719251499461 0.15684298785461337 0.10746190061461064
4 0.9040012746751933 0.9411439436633825 0.15864578081845948 0.05554953631770644
6 0.9747608985061541 0.9664388218080524 0.0189293261203845 0.01223412406997113
2 0.49882355605077566 0.9923950039565045 0.3344180947934572 0.011242168064297715
