5 0.4990265725180724 0.025096486943535216 0.06997692609368691 0.011638950466567058
7 0.18247455380680144 0.06746954098588091 0.2813655570016992 0.04037260943090448
7 0.18157944871439477 0.11701559449554351 0.3095824294276463 0.02393901523151264
7 0.18127771145374402 0.13361481732116784 0.09112465271651969 0.006549353223715713
7 0.17494122898007874 0.14445512610524902 0.1611276971874884 0.009259430419735998
4 0.10078024505734297 0.20904529927706603 0.1550929519744739 0.10275709368243618
4 0.10093111368766833 0.31394787073968494 0.15358426567122027 0.10930644690615193
4 0.10002590190571617 0.4240447568280095 0.15298079114991883 0.11088732527049715
4 0.1006293764270176 0.5303023668886386 0.150566893064713 0.10162789485076104
4 0.25904143826864945 0.17607269339215248 0.1547912147138231 0.04358707490265976
4 0.2590312241606392 0.3077477755394721 0.1582256051118363 0.22124917402539818
4 0.25770918083058314 0.4704247179076495 0.15865345165015243 0.10309585333193887
4 0.25737726984386733 0.5480571375853143 0.15666198572985762 0.05018159607964243
4 0.26202402365788857 0.5777437748700532 0.14869612204867852 0.006707441060150216
4 0.41885196488110366 0.1104243537495101 0.16097682855716236 0.14383734717877678
4 0.4198476978412515 0.2279287841736236 0.15898536263686822 0.08520934383820482
4 0.4203455643213252 0.32071505217236845 0.15998109559701568 0.10135688713115908
4 0.4200178022219433 0.4685161646683021 0.1584199854620966 0.19095153109211574
4 0.41855994959499143 0.5734485774684458 0.160363788964699 0.015276122487369292
4 0.5794362857454816 0.06994889386635607 0.15998109559701573 0.06980707177415595
4 0.5815937071591343 0.15205294091745436 0.16097682855716314 0.0934073273561662
4 0.5822575291325659 0.23875282721347035 0.15898536263686822 0.0770113603202434
4 0.5830873065993554 0.3473140028907167 0.16263638349074214 0.13812360109050106
4 0.5832532620927126 0.4904060788405872 0.16097682855716433 0.14657000835142897
4 0.5829213511059976 0.5730069733776236 0.1603130065837314 0.01664439077889128
7 0.8262445984542788 0.04498230769801921 0.15566625276971024 0.01689281452185985
4 0.8353598433295748 0.16523672490504424 0.2426838672999102 0.2144476623464981
6 0.9134035539590625 0.281862645752067 0.0908728137466629 0.010802400901782576
7 0.8287123566405107 0.3090745386926081 0.0606434563828438 0.010220152785725176
4 0.8010011083596086 0.3334225497409534 0.22932061983181357 0.03486875656306246
4 0.8122462525895398 0.3616782662661937 0.2518109082916762 0.018035563739515082
4 0.7875470965130836 0.38211857183764414 0.19839647319950246 0.018035563739515082
4 0.8022059452413869 0.4013565064931269 0.22610772148040467 0.016833192823547307
4 0.7036101270825249 0.415784957484739 0.030522534338385015 0.010220152785725176
6 0.9072275601030668 0.4165364393072187 0.09959984889367746 0.008116003682781781
4 0.7475866732674348 0.5079166289207617 0.16184975445222577 0.1469898444770478
7 0.9138541629528478 0.4384797085236288 0.07510149896418397 0.012324301888668643
4 0.9112436830423281 0.4789094305730417 0.15662879463118615 0.05230313484459373
4 0.9108420707484018 0.5343687890720505 0.15823524380689036 0.05921676761140787
4 0.894375966697431 0.5693878419996089 0.10843531936005192 0.009618967327741288
6 0.9660637611632431 0.5773535493178948 0.046185413801503615 0.009919560056733303
7 0.1839177550148525 0.6202848810848652 0.16292907504217108 0.032483619689504764
7 0.18356201467633246 0.6535672783077183 0.11668283103456795 0.012780440533575615
7 0.17853491975442892 0.6707111965610545 0.01825510426936898 0.010657378573349944
4 0.10076817556691697 0.728643613421315 0.15261267169192497 0.09209068151843297
4 0.10040307348152958 0.8089838518973366 0.15407308003347447 0.06640366649548725
4 0.10040307348152958 0.9054467912920157 0.15480328420424924 0.12433608335574789
4 0.25849227645426526 0.690386357004162 0.15772410088734834 0.013936571980534324
4 0.2589560727528234 0.834396164584621 0.1545853471023377 0.27061614614654445
4 0.4196860257023252 0.637848480621299 0.16170015387273814 0.07794132295097263
4 0.4203874925425764 0.732417486286761 0.15771314782478663 0.11142972463730388
4 0.42160519216332687 0.8790616491254656 0.15749790592637863 0.18450381705523444
4 0.5827449072254595 0.613878743608798 0.16124733601133648 0.023806944136159913
4 0.5838493410337563 0.6345444937269924 0.1608055624880177 0.014879340085099883
4 0.5838493410337563 0.7117517361685666 0.16168910953465507 0.136228624779137
4 0.5827449072254595 0.8565773129968726 0.16036378896469913 0.15077731286234608
4 0.5818613601788212 0.9543700237390267 0.1568296007781493 0.04298476024584429
4 0.7470846579000271 0.6101612897703816 0.1585966948714241 0.015209992086991165
4 0.7477473181850052 0.6485169219897504 0.15992201544138027 0.05753344832905306
4 0.7466428843767082 0.7042317843084024 0.16124733601133628 0.04926714828177538
4 0.7455384505684115 0.8151655309428696 0.16168910953465512 0.16929382496824816
4 0.744654903521774 0.9176676515291136 0.15815492134810527 0.03372650419289329
4 0.744654903521774 0.9437891596785113 0.15815492134810527 0.015871296090773514
4 0.7444340167601147 0.9609830637768491 0.1594802419180614 0.01653260009455536
4 0.7302972640139153 0.9722252318411466 0.12148771891265085 0.007274344041604479
4 0.9107617482896165 0.6098306377684906 0.15815492134810527 0.01719390409833757
4 0.9109826350512759 0.6266938898649371 0.1594802419180614 0.016532600094555577
4 0.9107617482896165 0.6491782259935326 0.15727137430146798 0.02777476815885308
4 0.8844762236521521 0.666868108094707 0.0923306663736146 0.007604996043495618
4 0.8705603576676121 0.6754650601438758 0.06184829326462221 0.007604996043495618
4 0.9094364277196604 0.6959654842611246 0.15903846839474298 0.03339585219100201
4 0.9094364277196604 0.7224176444124133 0.15903846839474298 0.01752455610022878
4 0.8654799621494468 0.7351477464852212 0.056988784508116196 0.008596952049168891
4 0.8873477515537238 0.7440753505362813 0.09807372217675805 0.009258256052951169
4 0.9074484468647259 0.760442624629891 0.15682960077814911 0.02546020414561525
4 0.9054604660097918 0.8411217130913218 0.15903846839474284 0.135897972777246
4 0.9059022395331104 0.9254379735735546 0.1590384683947427 0.03339585219100215
4 0.906785786579748 0.9560232837484824 0.15992201544138027 0.027113464155070943
6 0.9476498374867306 0.9717292538383101 0.07731036658077783 0.009588908054842306
2 0.5019003524581318 0.9914030479508311 0.19217148264364753 0.017193904098337782
