5 0.5028288082972481 0.038418254840801545 0.06540220234850544 0.009757017102425793
4 0.10505228752228576 0.09431324277345259 0.1577828131657675 0.087808498856419
4 0.10178217740486058 0.5629114573484191 0.15941786822448048 0.05986879625682261
7 0.10505228752228703 0.7917486662200995 0.15778281316576961 0.02012384777375331
4 0.10557051181616255 0.8375491517313036 0.15556780757244956 0.06903786897306986
7 0.26569644704080375 0.0630214513826734 0.07357747764206873 0.010366830671327402
7 0.5056407769068834 0.05692331569365729 0.16922819857675797 0.012806084946933858
7 0.4214354413831826 0.07399809562290242 0.1365270974025053 0.01158645780913063
6 0.2910398004508496 0.45726592367756547 0.1062785788163215 0.01097664424022895
7 0.2607912818646659 0.48684188176929355 0.1455199002254249 0.021343474911556443
7 0.2648789195114474 0.902429828975742 0.15206012046027534 0.024392542756064443
4 0.10673548487825726 0.18390667169663957 0.15345357250867658 0.0941154474796081
4 0.1053714531226246 0.2665756458341332 0.1520895407530439 0.0732574293895328
4 0.10503044518371643 0.31973815535639827 0.15277155663086026 0.03510251824915109
4 0.10571246106153277 0.35941926294239523 0.15140752487522757 0.04425969692284276
4 0.10605346900044094 0.3963023437114309 0.15072550899741124 0.03459378610061272
4 0.10537145312262458 0.4535347104220033 0.15072550899741122 0.08394080450883969
4 0.10468943724480827 0.5054253895729224 0.15072550899741124 0.019840553792998462
4 0.1046852681019174 0.6149875879439688 0.1537225870359895 0.04204397921805146
4 0.10538400713389917 0.6777060858684173 0.15232510897202597 0.08408795843610278
4 0.10561692014455976 0.7456366473322938 0.1509276309080624 0.05177316449165019
4 0.10690707189321089 0.8921102847338431 0.15418841305731068 0.040654095607537216
4 0.10644124587188969 0.9417986238097221 0.15418841305731068 0.05872258254422064
4 0.2653340422086539 0.09179170655111141 0.1574918930086635 0.03559909527646923
4 0.2653223030108195 0.16696637667996128 0.15652952281548857 0.11725600668114478
4 0.2639901368591983 0.2972646298669538 0.1585277720429203 0.14334049969284013
4 0.26315753301443506 0.4115395516324763 0.15752864742920447 0.0842156488663307
4 0.26226943178322093 0.5214193029482592 0.15786168896710973 0.04123834133277548
4 0.26243595255217367 0.5636513392529089 0.15686256435339385 0.043722578762460815
4 0.2626024733211263 0.597685392039597 0.15652952281548857 0.026332916754663812
4 0.26243595255217367 0.6448859032036173 0.15419823205015148 0.06757125808743929
4 0.2626024733211263 0.7051286608734851 0.1545312735880568 0.04993317233667398
4 0.2631020356279843 0.755061833210159 0.1535321489743409 0.04943632485073692
4 0.26493376408646335 0.8010202256593365 0.1545312735880568 0.039499375131996
4 0.2647672433175107 0.8398985414339109 0.15486431512596213 0.03229508658590859
6 0.3178873686134053 0.8693367549756813 0.05328664606484715 0.007701136032024181
4 0.26510028485541604 0.8642440682448266 0.1561964812775833 0.015402272064048645
4 0.2656664911082971 0.9287444935924657 0.1569205135809894 0.014218036081317678
4 0.2654448519648211 0.9523861117276801 0.15470412214622964 0.017193904098337924
7 0.26588813025177305 0.9667694738099434 0.10771662372932322 0.007604996043495476
4 0.4264126822371108 0.16253891573904095 0.1567959560458128 0.15904088024845112
4 0.4265958550829586 0.27129883041066216 0.15789499312090022 0.05957201356385287
4 0.42488002008404746 0.3878727008939986 0.16144638489076876 0.17923983718513273
4 0.4250994062015197 0.5490967074782097 0.16192479572955448 0.14510430826791684
4 0.4240003691264322 0.6814941412932863 0.15826133881259602 0.11805096265864416
4 0.42418354197228003 0.7948995799584191 0.15789499312090016 0.1093064469061521
4 0.42418354197228014 0.9118574781480016 0.15936037588768365 0.12570241394207485
7 0.5760092683286666 0.07244412419500418 0.15798829979970186 0.00985482616734652
4 0.5894960744091289 0.09451482863229067 0.15908926356137207 0.02525299205382547
4 0.5930742066345577 0.11473775316319969 0.15303396287218513 0.01437162149404701
4 0.590046556289964 0.1571340365706384 0.1596397454422074 0.06713600326504819
4 0.5880703535012934 0.3774263752366047 0.16091001816355846 0.3712825198834901
4 0.5880825528128278 0.6443210042951566 0.16045941296277114 0.1615002753038395
4 0.5864339972001964 0.7914748084425638 0.1608257586544669 0.13390039746003624
4 0.5849686144334132 0.9003713561728176 0.15789499312090036 0.08279963353141014
4 0.5855181329709569 0.9587136722089761 0.15679595604581287 0.0338849985409071
4 0.8325072992752066 0.3154200431772692 0.31938200574887804 0.02800622456017706
7 0.834457723737795 0.359611683230016 0.28720000211616664 0.0160035568915297
4 0.7542465177138403 0.38870905939643363 0.1618852303948512 0.03637172020802204
4 0.7544903207716638 0.4356285784647821 0.16139762427920418 0.06110448994947703
4 0.7532199776511888 0.5183943801306559 0.1631428119566131 0.10284108367818064
4 0.7528446490960738 0.6124631753644182 0.16239215484638309 0.0864163733992698
4 0.7528446490960738 0.6927202824090963 0.1608908406259235 0.07671086277991336
4 0.7512182253572425 0.7485269684703957 0.16214193580963993 0.03527579821266087
4 0.7503424587286411 0.8001341547444737 0.16089084062592363 0.06793857433549505
4 0.7500922396918978 0.8551009408483288 0.16139127869941036 0.042368286742190835
4 0.7488411445081813 0.90409510503258 0.16239215484638322 0.026130220898267283
4 0.7514684443939856 0.9252792484036751 0.1331165275474207 0.017357932453848975
4 0.7479653778795798 0.9543957802617444 0.16214193580964006 0.04236828674219069
6 0.7963827614894029 0.971940357150581 0.06380585436953438 0.008025710704468026
4 0.915007799526569 0.3880492747565152 0.15459788189563795 0.0347047968927032
4 0.9155573180641128 0.461284594183637 0.15496422758733375 0.11231237419607117
4 0.9153741452182647 0.5339733813762281 0.1560632646624211 0.03525132912723393
4 0.9135424167597855 0.5812484196631388 0.15826133881259621 0.0598452796811182
4 0.9155573180641128 0.6326224497090301 0.15862768450429188 0.04344931264519538
4 0.9148246266807208 0.6716995044779795 0.1593603758876837 0.03306520018911087
4 0.9140919352973293 0.7137824865368481 0.15862768450429188 0.05000769945956463
4 0.9139087624514814 0.7599644603546971 0.15826133881259621 0.04344931264519545
4 0.9122602068388502 0.8400026883411204 0.15789499312090016 0.11723116430684812
4 0.9115275154554587 0.92430528551749 0.15862768450429215 0.05137403004589146
4 0.9111611697637627 0.9624259088760104 0.15862768450429188 0.026506813374741825
2 0.499754957989352 0.9904356858957118 0.18866803122334963 0.013116773628738372
