2 0.5903399502957146 0.17469651372243103 0.10878156346713944 0.15572946366113852
2 0.8997071712542848 0.1652129886917848 0.10626638280893971 0.1707034505516326
1 0.8204789805209924 0.07486993445247045 0.03961409536664618 0.05390635280577873
1 0.8896464486214858 0.06239161204372538 0.06728108260684365 0.018967050061292498
7 0.7434515728636248 0.12827715436189938 0.1672595137702838 0.05889768176927675
7 0.7443947656104498 0.1836809058567275 0.1213574667581382 0.0539063528057787
7 0.6900039838768799 0.23109853100995878 0.05659156480949448 0.02894970798828858
7 0.7997287400908445 0.2325959296990082 0.058477950303144295 0.02196184743939135
7 0.5749344687642411 0.27102916271794303 0.07419782941689278 0.018967050061292526
7 0.7437659704458998 0.26903263113254383 0.135190960378237 0.018967050061292526
7 0.9107110866339088 0.27252656140699244 0.08551614237879178 0.023958379024790588
7 0.7447091631927247 0.3174485220784747 0.2552908368072753 0.03593756853718581
7 0.7472243438509245 0.8530181198618135 0.2326542108834775 0.0349393027444863
7 0.7481675365977495 0.8866968325285947 0.29616252250302155 0.028949707988288508
2 0.7572850664837236 0.9535806406394685 0.14085011685918644 0.02495664481749003
1 0.8865024727987361 0.9196396036876818 0.054705179315844815 0.042925429086083114
