4 0.16371386280593825 0.1114551569007869 0.2162062442135565 0.06656349648241441
4 0.16449345262882364 0.18382360947178394 0.2136076114706051 0.07507743207900228
4 0.15955605041721602 0.262771012276508 0.13720780882783395 0.07198145549842487
4 0.16293427298305282 0.36803421601614006 0.21256815837342455 0.0967492681430442
4 0.3851173725053975 0.153250840738582 0.2141273380191954 0.10990716861049821
4 0.3848575092311024 0.2817338688325447 0.2136076114706051 0.09133130912703372
4 0.38485750923110246 0.3602942745646965 0.21568651766496622 0.0642415140469813
6 0.44436619904468955 0.40905590570879086 0.08419570087162534 0.022445830209186182
7 0.15981591369151116 0.45781753685288507 0.13772753537642424 0.031733759950918525
7 0.1639737260802334 0.5178020831015724 0.14292480086232703 0.04024769554750634
4 0.16189481988587226 0.5835915854388425 0.21568651766496622 0.06191953161154814
4 0.16293427298305282 0.654799046792123 0.21776542385932735 0.08049539109501289
4 0.16241454643446254 0.720201552056821 0.21464706456778565 0.05030961943438314
4 0.16163495661157712 0.8010839402244059 0.21516679111637593 0.11300314519107545
4 0.1642335893545285 0.8641644630536706 0.20685116633893144 0.020897841918897625
4 0.38485750923110246 0.46710546659461744 0.21984433005368845 0.050309619434383064
7 0.3851173725053975 0.5441178840364805 0.12681327785602833 0.015479882902886998
4 0.3838180561339219 0.6671829531144327 0.21672597076214678 0.2027864660278206
4 0.3851173725053975 0.8200467967804426 0.2141273380191954 0.09674926814304427
3 0.2738958911070776 0.893576240569156 0.020789061943611173 0.022445830209186255
2 0.5090721543441794 0.9531733542187666 0.14396425395950765 0.023993818499474743
7 0.7268836987158076 0.1064241949573486 0.3934329972828421 0.05185760772467168
4 0.6193003031576196 0.17801865338320128 0.21152870527624393 0.07894740280472401
4 0.6190404398833246 0.2643190005667967 0.21412733801919542 0.09055731498188933
4 0.6193003031576197 0.38390109599159933 0.21464706456778587 0.14705888757742727
4 0.6169615336889634 0.665634964824144 0.21620624421355658 0.41640885008766204
4 0.8399242230341936 0.16718273535118036 0.21620624421355644 0.05417959016010474
4 0.8399242230341932 0.2662539859296575 0.21308788492201475 0.1470588875774272
4 0.8412235394056694 0.38041812233844974 0.213607611470605 0.07972139694986836
4 0.8417432659542595 0.5739166586245381 0.21464706456778557 0.30572768733201955
4 0.8420031292285547 0.7732201509992092 0.217245697310737 0.09597527399789996
4 0.8417432659542595 0.8498455713685001 0.2177654238593273 0.060371543321259366
3 0.727403425264398 0.8997681937303109 0.01715097610347925 0.017801865338320226
