1 0.5175186250283513 0.017227451112030855 0.06963680259529503 0.01979324170318439
7 0.8742773189214111 0.03958648340636877 0.14083263808451435 0.030789487093842386
7 0.7513735591170285 0.08870304615130781 0.384561447168047 0.11289478601075537
7 0.8696002202396378 0.16384405632080412 0.15226554597329425 0.027124071963623084
7 0.5377860526493702 0.22835536261266434 0.07275486838314393 0.022725573807359824
7 0.7207125788698465 0.22542303050848886 0.09146326311023828 0.027124071963623066
7 0.8815528057597257 0.21809220024805018 0.03897582234811282 0.028590238015710766
4 0.5554550921138479 0.602594247408058 0.12576198677657743 0.026390988937579324
7 0.548659977208853 0.644088190855703 0.10757326968079141 0.02712407196362314
7 0.5673683719359471 0.682208508209984 0.14395070387236353 0.028590238015710697
4 0.5694470824611798 0.7753100525175549 0.14291134860974716 0.1341541937660277
4 0.5715257929864124 0.9087311632575387 0.14187199334713077 0.1341541937660274
4 0.7204134343562038 0.35891889372463903 0.14239167097843905 0.1737406771723963
4 0.7260903928006123 0.7058163474391854 0.15493876770874015 0.5356776957077443
4 0.8796457786548153 0.38431215666377205 0.1521720039996589 0.23807897587011023
4 0.8869085333911625 0.5804345917043137 0.1556304586360146 0.15611736122630185
2 0.8886377607093405 0.810707699513109 0.10375363909067645 0.08976748270512346
