7 0.1080239950859135 0.03433535253348062 0.09786868116288104 0.04392450504283106
4 0.2864372469635627 0.2433161811480694 0.1518218623481781 0.4545397274317817
6 0.3102226720647774 0.5907962327302098 0.0819838056680162 0.02334009808316871
0 0.44281376518218624 0.1590044181915873 0.1427125506072875 0.27132864021683706
0 0.437753036437247 0.4653432055331775 0.1427125506072875 0.31509132412277846
0 0.3582995951417004 0.7840814199814511 0.3016194331983806 0.304880031211392
2 0.35639505329767956 0.9537246059548765 0.30266318898222555 0.044914353043796214
2 0.282263819802813 0.9816259464820832 0.1704546196920178 0.02041561501990742
4 0.1316277598723671 0.13996949229047903 0.14140414745780347 0.13948900910301668
4 0.1297423712395964 0.22918811174922674 0.14391799896816446 0.04257132096001154
4 0.12691428829044032 0.403096486734806 0.14580338760093517 0.3070569745839134
4 0.12569257551804755 0.6349743200489116 0.14580338760093517 0.1548871464715316
4 0.12223602969130126 0.8405839895965524 0.14768877623370588 0.25723947133283587
4 0.2809229062828363 0.5212990823964655 0.14454646184575468 0.10778696157960375
