5 0.4687084686960812 0.03329883154069671 0.0986370121184271 0.012949545599159834
2 0.8270896127263662 0.034455040969193135 0.22065464933159235 0.011562094284964144
4 0.11909505907632305 0.07353491965237191 0.21334820398948667 0.04624837713985656
7 0.12019102587763887 0.13065166542009476 0.18777564529211666 0.025436607426921096
4 0.12128699267895474 0.23586672341326842 0.2191933602631712 0.17944370330264342
7 0.11836441454211247 0.3584249228338882 0.12567085988421817 0.030523928912305324
4 0.1198257036105336 0.47751449396901885 0.2148094930579078 0.19840553792998478
4 0.34559982356605395 0.08643807142324586 0.23298864510071055 0.07291932091629272
7 0.34818858628939514 0.1540318239580116 0.15014823795379126 0.027856819226448924
4 0.3501301583319011 0.2330960314683739 0.22651673829235747 0.1220784136688496
7 0.3514245396935718 0.333052853398573 0.1488538565921206 0.030314773864076803
4 0.3514245396935717 0.41047842448384997 0.22651673829235747 0.11306591333088085
7 0.3501301583319011 0.49691649590709586 0.22133921284567504 0.0335920467142472
4 0.35077734901273644 0.5444369522345676 0.2278111196540281 0.05653295666544039
7 0.5832143329081073 0.08292437297184968 0.22570947119312415 0.05794715219719617
7 0.5832143329081073 0.12039020413382992 0.17204428223811555 0.018982687788736657
4 0.5848063633223523 0.1734036973955318 0.2262540071459123 0.052116476832943945
4 0.5861451444297245 0.22424904064718443 0.2302703504680292 0.04279483057014097
4 0.5844716680455092 0.2742469615113095 0.2282621788069708 0.052116476832943945
4 0.5851410585991953 0.3452185864667413 0.22558461659222628 0.08728450591533701
4 0.5861451444297245 0.40792784314377967 0.2275927882532848 0.03389689550110184
4 0.5858945246064244 0.5133154604432575 0.23245925757858296 0.09433506017956632
6 0.6612210436127249 0.5656098959775823 0.052647567047414155 0.010253810889083255
7 0.8240356316761424 0.07637584445095653 0.22897641852775408 0.04398884871416727
4 0.8218082346087516 0.16830125907158816 0.22630354204688516 0.126326950153506
4 0.822699193435708 0.29575612842289334 0.22273970673906035 0.07669850545034301
4 0.824035631676127 0.38394544004180126 0.22719450087383952 0.02078504609538448
6 0.8953764146504093 0.5650585618442879 0.05739592401605208 0.016348726325227717
4 1.3553232438188771 0.603205589936486 0.23688216254591807 0.14350548663255489
7 0.12196633853411022 0.6126260123494646 0.20662532645778672 0.02089003919334658
7 0.12053144043370896 0.6571308784570289 0.198015937855379 0.04995444154930702
7 0.11694419518270571 0.6966403004096626 0.07031000691966356 0.01998177661972278
7 0.12483613473491284 0.7343331972150489 0.20949512265858936 0.037238765518574295
7 0.11766164423290636 0.7652141247182569 0.12053144043370896 0.022706564340594183
7 0.12196633853411022 0.8047235466708906 0.2152347150601945 0.021798301766970524
4 0.11909654233330765 0.9041782984826928 0.2209743074617997 0.16257900067865363
4 0.350645314139133 0.6127467244643708 0.23268015646129933 0.034956173485511145
4 0.3521179733572425 0.6521306799247134 0.22678951958886143 0.044743902061454364
4 0.3524861381617698 0.6964084996730275 0.22605318997980667 0.04287957280889373
4 0.35211797335724254 0.7348602905070898 0.22973483802508046 0.03588833811179143
4 0.3528543029662973 0.7856632626393659 0.2253168603707519 0.06758193540532162
4 0.3543269621844067 0.8386495624171408 0.22531686037075183 0.03618250595219635
4 0.35359063257535106 0.8713612815733184 0.2267895195888608 0.03449009117237179
4 0.35469512698893413 0.9072496196851102 0.22899850841602562 0.03728658505121175
4 0.35579962140251625 0.9335832703775288 0.22678951958886137 0.020041539465026403
4 0.35432696218440674 0.9552560979385456 0.2282621788069709 0.027032774162128844
4 0.35984943425231736 0.9720350612115911 0.2186898938892592 0.013050304767924388
4 0.5881116130592882 0.6082578158057045 0.23047116763413514 0.026566691848988525
4 0.588847942668343 0.6345914664981229 0.22752584919791616 0.02423628028328771
4 0.5895842722773977 0.6553321294328598 0.22752584919791602 0.018177210212465836
4 0.5892161074728702 0.6809666566555677 0.22973483802508027 0.03402400885923086
4 0.5892161074728702 0.7198845298027703 0.22973483802508027 0.04381173743517408
4 0.5895842722773977 0.7622980202985238 0.23047116763413514 0.041947408182613374
4 0.5895842722773977 0.8019150169154365 0.23047116763413505 0.037286585051211886
4 0.5906887666909798 0.8587770591185346 0.22826217880697086 0.07643749935498434
4 0.5914250963000345 0.9182025540439036 0.2312074972431897 0.04334565512203383
4 0.592897755518144 0.9487309455545835 0.22973483802508043 0.017711127899325732
4 0.5910569314955071 0.9666751146104793 0.2260531899798066 0.019109374838745908
4 0.825121717849498 0.628299355270731 0.23194382685224454 0.06944626465788233
4 0.8269625418721348 0.6765388746807364 0.22973483802508043 0.02610060953584835
4 0.8262262122630801 0.7107959246965371 0.22973483802508027 0.04054916124319291
4 0.8247535530449707 0.7420234396769274 0.22826217880697086 0.019109374838746192
7 0.8299078603083538 0.7746492015967377 0.16935581008259135 0.03588833811179157
4 0.8254898826540252 0.821956556380463 0.23120749724318984 0.04287957280889358
4 0.8276988714811896 0.9046861669628394 0.22678951958886118 0.12164748372957888
6 0.8972373621851396 0.969632325684396 0.0624987020662067 0.010398458812072136
4 0.8232603561595737 0.42171747715821195 0.231862637653594 0.054137025543614714
4 0.8227659795334467 0.4669359753723873 0.2269188713923235 0.035674109317757614
4 0.8225187912203831 0.5038618078241014 0.22642449476619647 0.03692583245171413
4 0.8244962977248913 0.5431346211519837 0.22939075452295868 0.03849048636915953
