2 0.0751760177824497 0.07637474541751528 0.1343571381643782 0.1038696537678208
7 0.37907906839235267 0.062118126272912425 0.409469373453343 0.09979633401221996
7 0.37428059917219625 0.12169042769857434 0.11196428180364844 0.01323828920570266
2 0.7621568611348357 0.08401221995926679 0.31829845827037223 0.12932790224032586
7 0.05170983462261968 0.13879264704054856 0.08864544367452254 0.012541542604416485
7 0.37674313561672085 0.13983781489160807 0.22817993834738218 0.014631799705152524
7 0.07428156103041035 0.1615241772907768 0.14035528581799406 0.01619949253070457
7 0.3751015533264519 0.1599565394861928 0.28235215392625707 0.017244621081072574
7 0.8322822211663506 0.16100166803656082 0.18057405192958284 0.014109235429968479
7 0.10588205772234638 0.18556218897020968 0.08372069680371574 0.014109235429968513
7 0.11162759573828765 0.21064527417904264 0.1592334821560868 0.01410923542996855
7 0.10916522230288425 0.2464409270291479 0.1772908873490451 0.03762462781324935
7 0.10629245329491362 0.27309170506353286 0.0927493994001949 0.011496414054048429
7 0.11080680459315319 0.31515812921584635 0.18878196338092768 0.0402374491891694
4 0.11326917802855659 0.41000354516174575 0.20848095086415486 0.0752492556264987
4 0.11532115589139277 0.48316254368750833 0.20437699513848254 0.07211386997539464
4 0.11532115589139277 0.5419510246457105 0.20766015971902044 0.045463091941009635
4 0.11917888668293018 0.7705894804495912 0.20585444401853564 0.4086976147290943
4 0.12324179044194038 0.9803989893821381 0.19772858686289335 0.01666980037837007
4 0.34473228095647657 0.7660337222471552 0.22683682556443482 0.05843218713421308
4 0.3454784547247806 0.8377675454769613 0.22235978295461045 0.08788580991731224
4 0.3480900629138449 0.9149645406746005 0.22310595672291447 0.0712587647978205
4 0.34734388914554076 0.9688836727049513 0.22609065179613075 0.03942984985479413
4 0.5838809736979285 0.7733971279429298 0.22907534686934702 0.06935853106987892
4 0.5868656687711445 0.8954871449631961 0.22907534686934689 0.17482150297065374
7 0.45905355539495873 0.20977596741344195 0.38387753761250903 0.018329938900203686
7 0.46065298651096076 0.2530549898167006 0.18234194761404193 0.0274949083503055
7 0.34149105950112785 0.29378818737270873 0.17114540218557692 0.03156822810590633
4 0.33898674294053527 0.3967226793228572 0.229821520637651 0.15258876835373342
7 0.3414491163759387 0.5127319484137094 0.14281765925339746 0.024037956658464806
4 0.34432188538390934 0.6193350605512492 0.2290007294925166 0.15990466820630964
4 0.5786577573198001 0.3251313736226466 0.2298215206376512 0.07942976982797081
7 0.5794785484649344 0.39907421856118525 0.19863145712254116 0.02247026383291285
4 0.5823513174729051 0.5595014510426789 0.22900072949251674 0.28584265852565804
7 0.8143889742024196 0.22431321315373032 0.1847272551239635 0.05690724956753972
7 0.765724267207397 0.2929180640212642 0.1330830762721027 0.02086599150809789
4 0.819354760630483 0.4336054310076817 0.2284261756909224 0.22762899827015867
4 0.8188581819876767 0.5840934909751754 0.2294193329765352 0.06575948838915693
4 0.8188581819876768 0.677990452761616 0.22743301840530988 0.11950522409183321
4 0.8203479179160957 0.7769458367318376 0.22246723197724635 0.06323027729726646
4 0.8223342324873212 0.8330720679352172 0.23041249026214786 0.03793816637835988
4 0.8228308111301276 0.8937731341405928 0.2294193329765352 0.07081791057293828
4 0.8228308111301276 0.957951865597318 0.2353782766902114 0.04615810242700448
