2 0.16109050816961926 0.033856124485232 0.23411820520651333 0.013542449794092798
5 0.516026594503347 0.033856124485232 0.10631973539194867 0.014896694773502084
7 0.2684841802826987 0.07516059635721505 0.3694342320689934 0.031147634526413448
7 0.2786865791334413 0.110032404577004 0.2760017373306143 0.018282307222025267
6 0.44192496074532217 0.13948723287915585 0.13853783702587258 0.017605184732320645
4 0.15518385620339986 0.20178250193198274 0.2287485216008593 0.09750563851746814
4 0.15625779292453065 0.3199403763854424 0.2287485216008593 0.1361016204306327
4 0.15840566636679226 0.4181231373926152 0.2330442684853825 0.05620116664548519
4 0.15840566636679224 0.4756785490175096 0.2308963950431209 0.04536720681021087
4 0.1589426347273578 0.5576103702717711 0.22767458487972855 0.10901672084244701
4 0.15733172964566158 0.6662885298693658 0.23089639504312093 0.09750563851746805
4 0.16216444489075013 0.8064528852382266 0.2362660786487748 0.1679263774467509
7 0.11705910260325675 0.9008015552582705 0.13961177374700331 0.012865327304388217
4 0.16283993722494117 0.9435769798893747 0.23619126029923898 0.06197282536740758
4 0.3949968747550926 0.2163212493651305 0.23545774706849545 0.12625806959180863
4 0.39499687475509376 0.3337921273003663 0.22812261476106624 0.09665910822230017
4 0.3957303879858368 0.4230514951802894 0.22665558829958024 0.06521021176719771
4 0.39683065783195126 0.4820181760336065 0.23179018091478118 0.04532340959705941
4 0.3986644409088087 0.621457033110274 0.2310566676840381 0.2169048887859273
4 0.40086498060103765 0.7826326274426739 0.22665558829958024 0.08602198148013301
4 0.40159849383178053 0.8871539597787498 0.23545774706849595 0.10544629987887291
4 0.4026987636778951 0.9627700564024154 0.23472423383775307 0.03191138022650108
4 0.6398565767914829 0.8180989824739676 0.2265018315817911 0.034399619360223996
7 0.5464452374895034 0.8479814801000205 0.042985749059317936 0.013551365202512357
4 0.6426120735260547 0.911221184378412 0.23421722243859194 0.09833426544387222
4 0.6461942192809977 0.970986179630518 0.2204397387657336 0.012856423397255411
4 0.8732471502097033 0.8759528877616168 0.21603094399041878 0.14871754632500825
6 0.9611474960425395 0.9602145816490338 0.04463904710006105 0.012161481591998324
1 0.7999509370700969 0.9723760632410321 0.06943851771120592 0.010076656176227203
7 0.7566938000774063 0.09378407851690294 0.4099118414133607 0.08287895310796074
4 0.6356227920650213 0.2039258451472192 0.2300349152235315 0.10687022900763361
4 0.5681689447438353 0.2699018538713195 0.08820887726616611 0.016357688113413323
4 0.6373523778937696 0.311886586695747 0.23003491522353145 0.056706652126499474
4 0.6330284133218989 0.37350054525627047 0.23176450105227991 0.05779716466739359
4 0.6373523778937696 0.4558342420937841 0.23349408688102818 0.0937840785169029
4 0.6382171708081438 0.5458015267175572 0.23176450105227986 0.07960741548527807
4 0.8734408435179205 0.1842966194111232 0.22484615773728633 0.06761177753544166
4 0.870846464774798 0.27153762268266085 0.2265757435660346 0.10250817884405673
4 0.870846464774798 0.3495092693565976 0.23003491522353145 0.04907306434023994
4 0.8751704293466688 0.411123227917121 0.22138698607978965 0.06543075245365322
4 0.8025278245392379 0.460196292257361 0.07264260480743104 0.015267175572519135
4 0.8717112576891721 0.5327153762268266 0.22138698607978965 0.10141766630316247
7 0.7566938000774063 0.6221374045801527 0.3165142066609494 0.020719738276990113
4 0.639081963722518 0.7115594329334788 0.23349408688102827 0.12322791712104703
4 0.8734408435179204 0.7104689203925845 0.22138698607978965 0.12540894220283547
