2 0.1375020733854944 0.038167938931297704 0.2092798852785512 0.015267175572519083
5 0.5119574053095137 0.03653217011995638 0.1106934930398949 0.018538713195201742
7 0.11588225052613993 0.07251908396946564 0.17987692618982912 0.014176663031624868
7 0.6088142117194217 0.0697928026172301 0.21100947110729962 0.015267175572519083
7 0.27068018219911794 0.11177753544165757 0.32689172163343955 0.025081788440567063
7 0.2819224900859822 0.14394765539803708 0.38050888232463853 0.026172300981461286
6 0.44796272964582456 0.1946564885496183 0.12107100801238509 0.016357688113413288
4 0.15566272458735217 0.3064340239912759 0.22484615773728645 0.17230098146128678
4 0.15220355292985543 0.4193020719738278 0.22830532939478318 0.04907306434023994
4 0.15479793167297798 0.5119956379498365 0.2300349152235315 0.1254089422028354
4 0.15912189624484882 0.6897491821155941 0.2283053293947831 0.2191930207197389
4 0.16085148207359723 0.8920392584514721 0.2386828443672733 0.17448200654307539
4 0.3921842637979776 0.2743320751616639 0.2300564223693886 0.1051099480451285
4 0.3938513393223936 0.42085534273657305 0.2320569129986877 0.1770051525079964
4 0.39551841484680944 0.5764180658433633 0.22605544111079057 0.12234797952452951
6 0.3071634120527688 0.6510461289554046 0.04801177510317675 0.01093143459669335
7 0.7497904005918872 0.12248807277512087 0.37684439544479587 0.05981022951561084
4 0.6323800940542903 0.1842790277440983 0.22987571138254204 0.04364921834459658
4 0.6323800940542902 0.3793014968863024 0.224550405327348 0.3318459804916127
4 0.6004282577231261 0.5527791595379042 0.1428957124810396 0.01063250190445295
4 0.6354865225864867 0.600905220789639 0.2289881603733429 0.07778514551152468
4 0.6394805021278822 0.651549506176639 0.2174499972537559 0.013430528721414276
4 0.8658060094736283 0.18511843578918666 0.2174499972537559 0.045328034434773415
4 0.8658060094736283 0.2410789721284131 0.2281006093641439 0.06323540606332585
4 0.8658060094736281 0.3143872747327997 0.22100020129055167 0.07106988115081758
4 0.86403090745523 0.38769557733718635 0.2281006093641439 0.06547382751689497
4 0.8662497849782277 0.4391792707692747 0.2272130583549449 0.02965908425979002
4 0.8644746829598298 0.4710767764826337 0.22543795633654695 0.02965908425978995
4 0.8675811114920262 0.5208816538245453 0.22455040532734785 0.06435461679011041
4 0.8693562135104241 0.6339219372297826 0.22632550734574608 0.1572491071132262
4 0.8684686625012251 0.7760616995314177 0.22100020129055195 0.12255357458290589
4 0.8720188665380213 0.8889183353666352 0.22100020129055198 0.10240778150078407
6 0.9070771314013818 0.9496355172946962 0.1331326513798507 0.016788160901768094
7 0.5165546873538202 0.7087254083543263 0.30176734312766124 0.02182460917229818
4 0.40161683166254925 0.7769972626881827 0.22455040532734802 0.07890435623830924
4 0.4038357091855467 0.837154839252851 0.21833754826295496 0.011192107267845443
4 0.6372616246048847 0.7918268048180775 0.22543795633654695 0.10408659759096124
7 0.5436249931343897 0.8805242549157515 0.09674306000269141 0.013990134084806555
2 0.5051761211102873 0.9401222261170271 0.43166898422282524 0.06827185433385626
1 0.7952013266918476 0.9686061391136939 0.07127034603867997 0.011080186195166845
