5 0.14284855297016003 0.036261704031985344 0.1318081681673152 0.014413775264947182
5 0.8578295544610406 0.04656758162521399 0.13015020378785208 0.01330502332148972
7 0.5005382306867461 0.08814577950486933 0.5462992630330864 0.06985137243782097
7 0.5030251772559406 0.15051307632435237 0.23128603093510036 0.022729414840878304
2 0.8590730277456379 0.09202641130697051 0.15419068729006682 0.06541636466399109
2 0.14258493663382524 0.07622669611270147 0.12932122159812054 0.05044821342731515
7 0.1633094913771138 0.1189136459358143 0.21056147619181176 0.011641895406303497
7 0.17574422422308694 0.14774119646570866 0.10610972028563738 0.014968151236675916
7 0.826328231251242 0.15383933215472478 0.1119125956137583 0.01385939929321843
4 0.20517309195855674 0.22661799939905902 0.29760460611362366 0.09753589056860931
6 0.2938741862598317 0.3749307120643212 0.11191259561375823 0.011641895406303534
7 0.20600207414828822 0.3990460668345214 0.27107717604221426 0.016631279151862088
4 0.2085401374172658 0.45210874738900964 0.2966556884386456 0.06703674218647816
6 0.6120363352056384 0.5078603425266092 0.06797653955798637 0.01385939929321843
4 0.5079990703943268 0.20205575997241598 0.2893147842163066 0.044217609446712824
7 0.5067555971097325 0.5286494414664368 0.14424290101328835 0.018848783038777128
4 0.511314999153256 0.5802064068372094 0.2926307129752344 0.06209010883361877
4 0.5133874546275848 0.6306546202645246 0.29180173078550276 0.02771879858643686
4 0.5117294902481196 0.6741936793221835 0.2934596951649645 0.04383679232047746
4 0.5117294902481216 0.7448560704406448 0.2934596951649658 0.03548006219063922
4 0.5117294902481165 0.7897053640437441 0.29511765954442803 0.043131005581000574
4 0.5150454190070479 0.9247510732666201 0.2918017307855028 0.07151450035300712
7 0.8014587655592956 0.1896485347543135 0.1981267433458386 0.017185655123590847
4 0.8069093234567805 0.2339978844171283 0.2938990557255224 0.049992583761268125
7 0.8104200630302937 0.636429150220859 0.2748407551835953 0.02683179703167106
4 0.8164384737277431 0.6800068995335705 0.2949021241750983 0.04019985382000406
2 0.5010326905627954 0.991765991262354 0.3741445316915369 0.015730138962713483
4 0.20664250677160204 0.30980583337051093 0.2935113312743138 0.06733496562111124
4 0.20730060392692562 0.35711634843109563 0.296143719895608 0.025525673241989823
4 0.207857492320732 0.5313303934976406 0.2954856227402845 0.08933985634696455
4 0.20884463805371734 0.6123083913687808 0.2987761085169023 0.07437653065338438
4 0.21016083236436447 0.7152912799657745 0.29219513696366656 0.13422983342770536
4 0.20934662798282666 0.8723020983353568 0.29431157741518726 0.18041721886564233
4 0.5074562580266925 0.23478124273934015 0.2872685554042044 0.020500424117248776
4 0.5079506961599184 0.25495101485469784 0.28726855540420443 0.017855208102119918
4 0.5079506961599184 0.2861976290334078 0.2882574316706559 0.043315412247735344
4 0.5081979152265312 0.3853932296007407 0.2877629935374301 0.1550757888869304
4 0.5084451342931441 0.4786370941340335 0.288257431670656 0.02942802816830877
4 0.49484808562943394 0.49798023624466337 0.2145861498200081 0.009919560056733445
4 0.5131422965587895 0.7071176274407902 0.29072962233678523 0.026121508149397527
4 0.5133895156254025 0.847148750241675 0.29122406047001115 0.0753886564311729
1 0.7109439864672268 0.9890460974260145 0.059738242796773165 0.02061911072750192
4 0.8068142309555967 0.3260128180947778 0.28809249348766414 0.13402421972876316
4 0.806332470933042 0.42653098289135 0.2890560135327733 0.06701210986438148
4 0.8101865511134789 0.5051413425399516 0.2852019333523363 0.092785998273759
4 0.8125953512262519 0.5789190981117946 0.288092493487664 0.05605820729039614
4 0.8126326694140735 0.712531219556525 0.2920646052964949 0.02982481057057811
4 0.8123607284407993 0.7541768391947101 0.2926084872430434 0.054193863109952785
4 0.8142643152537187 0.8038242372786604 0.2920646052964949 0.0451009330579474
4 0.8139923742804445 0.8589273933938136 0.2904329594568496 0.06728768238484079
4 0.8142643152537187 0.9245286805683542 0.2920646052964949 0.06437794476819889
