3 0.043266938342239755 0.03306520018911096 0.03882330683682054 0.013827265533628216
5 0.4768718231341994 0.022995343767881714 0.1080504081844041 0.012324301888668628
4 0.13681707529843384 0.06988780949062091 0.21563306568402735 0.046591872993747244
4 0.13845420269516726 0.10761219697910658 0.21422981362968446 0.03486875656306248
4 0.13822032735277678 0.16337214820710735 0.21563306568402738 0.08025825864084207
4 0.14032520543429114 0.2550529305496423 0.2170363177383703 0.10671041879213082
4 0.14009133009190064 0.35830653295836606 0.2146975643144654 0.10701101152112276
4 0.1405590807766816 0.46351398810553734 0.21376206294490344 0.10701101152112273
4 0.14313170954297694 0.552339139522649 0.2132943122601225 0.07424640406100366
4 0.14523658762449132 0.6255334690321809 0.2137620629449035 0.07274344041604415
4 0.14593821365166276 0.6904614984944353 0.21703631773837023 0.05951736034039982
4 0.3457347119390553 0.09372467487165766 0.17369874904272858 0.011202489824070768
4 0.3666483448838397 0.1061747638594381 0.2167711672551843 0.019109603476145782
4 0.36553774548315926 0.13474058547988574 0.2155905428945018 0.0407166514725416
4 0.36787649890706403 0.2072927396138441 0.21686622658026805 0.10657378573349813
4 0.36723865706418096 0.3070348724157077 0.2181419102660345 0.09673620551194446
4 0.3685143407499472 0.36373759174827397 0.21559054289450189 0.01940189432584198
4 0.3714909360167352 0.3763078331424815 0.2079364407799041 0.009564314104288272
4 0.3687269546975749 0.3881949092435255 0.2160157707897573 0.016395967035922752
4 0.3700026383833412 0.4357432136477017 0.21856713816128986 0.08034023847602163
4 0.372341391807246 0.5491486523128343 0.2164409986850127 0.14428450991612066
4 0.37212877785961834 0.6572254016912921 0.2185671381612898 0.07132245660626417
4 0.37255400575487374 0.705183605271366 0.21686622658026813 0.02678007949200719
4 0.5989823010354707 0.11797453503732747 0.22069679191769295 0.0695586480311876
4 0.5986308730228629 0.17951587136362165 0.21929107986726187 0.058492499480771336
4 0.5988065870291668 0.2647703831550935 0.22104821993030072 0.11517828083086258
4 0.600036585073294 0.3374907879149714 0.2221025039681242 0.03342428541758366
4 0.6005637270922058 0.37746442655627077 0.2196425078798697 0.05013642812637556
4 0.6028480091741565 0.45865382255371206 0.2235082160185552 0.1135974024665174
4 0.6040780072182838 0.572364144903397 0.2231567880059476 0.1156299603635327
4 0.6040780072182835 0.6377447572573867 0.22104821993030066 0.01693798247512696
4 0.6047808632434992 0.6535535409008384 0.21893965185465405 0.017389662007796857
4 0.604956577249803 0.6706044432591327 0.21999393589247737 0.01626046317612179
4 0.605132291256107 0.6940917789579754 0.2210482199303008 0.031165887754233523
4 0.6112822814767433 0.7155465567598027 0.21155966358989048 0.010840308784081288
4 0.8352241905885219 0.07009275907856993 0.23004829133318652 0.07624124671704097
4 0.8364998742742884 0.11613809983778645 0.22749692396165372 0.015849434801392056
4 0.8364998742742883 0.1803556373951507 0.2283473797521646 0.11203910807880574
4 0.8371377161171714 0.29772343476063134 0.22622124027588753 0.12214995441762479
4 0.8377755579600545 0.40101802708694495 0.22749692396165372 0.08334616576594087
4 0.8401143113839593 0.4910592127258876 0.22877260764742005 0.0989223344500676
4 0.841815222964981 0.5604688065112942 0.22877260764742005 0.042629514293399284
4 0.8420278369126086 0.5944904381108338 0.2283473797521647 0.025413748905680295
4 0.8413899950697257 0.6190843886647182 0.230473519228442 0.025960281140211237
4 0.8435161345460028 0.6599376731958924 0.22792215185690934 0.05574628792213758
6 0.8796605056427141 0.6931395064436362 0.13437201490071515 0.011750443042411263
2 0.8428782927031196 0.7096721065381913 0.2121887197324584 0.015302902566861292
7 0.4823284295551009 0.05081129313060681 0.45385802169229095 0.02960658024932996
4 0.14760953850830302 0.7645695894881621 0.21577679974118388 0.07136536616186774
4 0.1479511933078802 0.8400000714440603 0.21507394371596839 0.08039895681526872
4 0.1479511933078802 0.9196085890771565 0.2185882238420463 0.07926975798359365
4 0.15005976138352695 0.9683824327130967 0.2185882238420463 0.018067181306801957
4 0.3735679774020823 0.74762406112061 0.2185882238420463 0.039973638641299374
4 0.3767096436778123 0.8667490392904466 0.21563774319087511 0.19786215793164005
4 0.3218097458050698 0.9702265832822693 0.09904620750237048 0.008365495647845193
6 0.4248178016075352 0.9642252494479456 0.10696990410256013 0.012366384870727387
7 0.7240855648148249 0.7403059177147224 0.2405407896486139 0.017458425699850722
4 0.6069280507977353 0.782315254554988 0.22242948313389482 0.0403726094309043
4 0.6086259857834903 0.8234152983900529 0.22016556981955496 0.04037260943090459
4 0.6094749532763677 0.8863383743499312 0.22073154814814003 0.06946998559732222
4 0.6097579424406602 0.9376224998432423 0.22129752647672504 0.03164339658097916
4 0.6111728882621226 0.970175189429422 0.2263913314339897 0.018913294508171533
4 0.8466198729534719 0.7906807502028331 0.2320511147198394 0.062195641555717746
4 0.8466198729534719 0.8334175214472589 0.22978720140549952 0.01891329450817139
4 0.8471858512820567 0.8550586949710322 0.22978720140549938 0.022186749326893532
4 0.8477518296106418 0.8827012023291289 0.22525937477681965 0.03309826538929997
4 0.8488837862678118 0.9203459327444318 0.22752328809115965 0.04000889222882421
4 0.8500157429249816 0.9599911077711758 0.2320511147198394 0.04073632663298468
