7 0.1903391773470579 0.0493789747888149 0.3329974294597013 0.06874327862756585
7 0.1949534604342593 0.09585330400181719 0.35760693925810877 0.01742787345487583
7 0.19764512556846014 0.11473350024459936 0.18918560657525751 0.012586797495188122
2 0.5637115838197715 0.07527873117314429 0.3245379104664988 0.10601956351716142
2 0.8601792721724618 0.08205623751670714 0.14534991724684418 0.0789095381429101
7 0.13458325671004093 0.1365183420631942 0.2384046261720725 0.008713936727437943
7 0.506417568820354 0.14039120283094436 0.14534991724684423 0.012586797495188104
7 0.8332626208304535 0.14402200980071017 0.2607069944268794 0.014039120283094455
7 0.2518629518430766 0.16677506681124254 0.4806544882501463 0.027594132970220092
4 0.1350599388471485 0.2752669795672795 0.23834106855379147 0.1756390368845385
4 0.13505993884714848 0.4299013480316852 0.23198530672569032 0.12642809944308467
4 0.13569551502995864 0.5623307813090935 0.2307141543600702 0.14163147849003777
4 0.13760224357838893 0.6591523005028483 0.23325645909131057 0.05521227127577746
4 0.37626110022358544 0.24926119961854373 0.2288074258116398 0.11562569854130217
4 0.37721446449780066 0.3924930337977346 0.22817184962882975 0.1636363692158912
4 0.3781678287720158 0.5045179320384424 0.23389203527412067 0.05721271588721876
4 0.37943898113763586 0.5771340714337581 0.23007857817725996 0.08401867368053091
4 0.38166349777747144 0.6447490993004716 0.23071415436007014 0.049611026363742
6 0.4229759496601286 0.676756213083531 0.12647966037921207 0.012802845513223957
7 0.20688004750469105 0.7283676840587142 0.2612218111349555 0.05361191558662455
4 0.13378878648152828 0.7919818227025449 0.23579876382255102 0.04561013714085959
4 0.1252085080135918 0.8327908927759458 0.2135535974241972 0.03280729162763592
4 0.13950897212681926 0.8994056983369382 0.24088337328503187 0.05721271588721876
4 0.11535707718003506 0.9348135679594475 0.19385073575708373 0.00880195629034148
4 0.379121193046231 0.7745779545830064 0.23579876382255105 0.018804179347547318
4 0.3683163979384591 0.8073852462106423 0.21673147833824782 0.044409870373994804
4 0.3800745573204465 0.8960049424974893 0.2288074258116394 0.07921760661306956
4 0.10423449398085813 0.9753945312792731 0.17160556935872986 0.026805957793312275
4 0.35560487428225684 0.9519893293254111 0.17859690736964104 0.034407647316788685
6 0.4331451685850904 0.9731940422066878 0.11249698435738964 0.01440320120237672
1 0.5793641262856722 0.16634648465478008 0.10978134066720081 0.02909737616641765
7 0.73276910495484 0.16998365667558224 0.20742895420802696 0.01673099129569014
7 0.735369189339063 0.19107925439623508 0.4737931544584461 0.02764250735809675
4 0.6143208163402284 0.2594580883873165 0.22822962928181234 0.10475055419910344
4 0.6169209007244515 0.37712060326026786 0.2253406466326755 0.12839217233431788
4 0.6195209851086747 0.46295786295119995 0.23054081540112187 0.0418274782392254
4 0.6209654764332432 0.5729823165804667 0.232274204990604 0.17676656021098736
4 0.6189431885788473 0.7250161070499987 0.23285200152043145 0.12948332394055867
4 0.6172097989893652 0.8377684396948673 0.22822962928181248 0.09238416932837609
4 0.618943188578847 0.9097844457067517 0.23054081540112142 0.05092040829122948
4 0.6189431885788474 0.9550672373657383 0.22938522234146724 0.04255491264338602
4 0.8534996898622689 0.3205421231519361 0.22944300199444878 0.226050241092857
4 0.8565727007061562 0.4630166186359898 0.22533082409166852 0.05615648113237768
4 0.8581107950685566 0.5683100207591981 0.2268689184540692 0.1457163863866009
4 0.8577262714779565 0.6590801950033431 0.2276379656352694 0.034855746909751704
4 0.8596488894309572 0.7476718850656288 0.2299451071788701 0.13845477244706927
4 0.8588798422497547 0.8239728601480283 0.22840701281647416 0.01877213880814213
4 0.8573417478873566 0.8552518288053367 0.23148320154127033 0.0396968228694395
4 0.8558036535249559 0.9089877719578703 0.23302129590367102 0.06390220266787808
4 0.8584953186591568 0.9523154017970756 0.23071415436007014 0.01984841143471968
6 0.908483385437172 0.96635452208017 0.10920469973043324 0.011134474707281896
1 0.7469834773851228 0.9745843512116393 0.07229043503282184 0.01888019624278229
1 0.46781935060943797 0.9908019556765933 0.1507332475152459 0.018396088646813524
