5 0.5124124688481254 0.01282341366150568 0.06124052995346425 0.007988356051429769
7 0.18824985596945176 0.03531694254316318 0.16782260612247413 0.012613193765415427
4 0.10703326979240341 0.07325341680727605 0.15835750600035994 0.03998178107924663
4 0.26711054017986746 0.059415319469934884 0.15262076895721596 0.0073896771293193875
4 0.41646210198978506 0.5011860860638006 0.16173977271459583 0.08054951897598311
4 0.5792706397223211 0.48096575506832034 0.1581772226548037 0.04010885698502375
6 0.6209524754218976 0.6588081323572567 0.047738170801224625 0.012209571564922186
7 0.5090527780438034 0.03693395398388944 0.17477870593343836 0.015668950174983407
7 0.5117959415898439 0.04840586393343086 0.241398392051565 0.012870923358022077
7 0.5082690170306489 0.07386790796777888 0.024296591407787317 0.008953685814276212
4 0.42244718609023785 0.1730742347327633 0.15675220263088505 0.18610133553533997
4 0.5844780471909153 0.0919654722688568 0.1626069534915383 0.018287756973603415
4 0.7484882849343112 0.059291400170706075 0.15835750600036064 0.057939567708496044
4 0.9103851047309351 0.064519598010191 0.15835750600036072 0.06621493830568022
6 0.9232432396208263 0.6669310132623393 0.0680123193233186 0.009712159199369807
7 0.10574111708973023 0.682557990676963 0.19061851600928947 0.015573817263206849
7 0.17449655196870276 0.7103200127548532 0.14225262388752943 0.019636552201434513
4 0.08772245139730984 0.7485734797360848 0.15458118462444867 0.03613646127706745
4 0.24467451308655044 0.7426020891017351 0.15932293875403292 0.014713965152500836
4 0.41355180824949256 0.6929682855873494 0.15628610252722933 0.02649444643528807
4 0.5704330217889924 0.6837603573910624 0.16027128957994982 0.010787080001535443
4 0.7348656611749719 0.6962106880256068 0.1587932474882668 0.03568774127064438
4 0.8909756009488917 0.7369324004358382 0.1602712895799499 0.11306843115285392
6 0.8855885699580428 0.9588737493601879 0.14722429799168335 0.009515477294857298
4 0.10650165320427434 0.16261782064115762 0.15690367015279924 0.1348731676838031
4 0.10452940036715815 0.2505513708015954 0.15646539174455118 0.04161979420405064
4 0.10255714753004197 0.29655219597449345 0.15515055651980708 0.04975599457476733
4 0.0982942325922174 0.4622194898355741 0.16158755150174609 0.2803118174105489
4 0.09508581550463761 0.6319476705113523 0.15283732308107395 0.057478500449711374
4 0.265406270296407 0.09616625393774476 0.15285412254601158 0.06155167476893089
4 0.2618548054273267 0.32969570602665654 0.16347103233581028 0.4058309301040228
4 0.25762710631519226 0.5852284475791256 0.15689461149471376 0.10255137329775059
4 0.42315394336673806 0.34311160454249195 0.1559551228031292 0.1536120380063162
4 0.4236236877125307 0.4366874966904444 0.15689461149471448 0.030856566586421507
4 0.5877000650707965 0.11284678301328299 0.15611404459083175 0.023793084364460686
4 0.585526783707583 0.14827778907775158 0.15611404459083184 0.04603444583558696
4 0.5849834633667796 0.19974326504000892 0.1550274039092249 0.055862024160038146
4 0.5844401430259764 0.2534070151011567 0.15756289883297397 0.05094823499781253
4 0.5820857548824951 0.3516827983456682 0.15720068527243838 0.14456884956232094
4 0.5569119124252729 0.42836377132460945 0.08874232233121532 0.00672413253778231
4 0.5795502599587462 0.44038962374795093 0.15285412254601163 0.017327572308900654
4 0.7441640298534744 0.19430877809092273 0.15606382397405638 0.20789098939827677
4 0.744041425871473 0.3186731771235794 0.1545927476365823 0.04096548438402795
4 0.7418500338302328 0.41127224078330926 0.1573817920527061 0.14423264293543178
4 0.739459424330698 0.5115523327650443 0.1557880523863497 0.05746547114981695
4 0.7392602068724033 0.6020177774464394 0.1569833571361171 0.12403438327386247
4 0.5776307035207935 0.5135466910444595 0.15734194856104713 0.02409567032866086
4 0.5789455387455377 0.5381117575483539 0.15208260766207082 0.02253101641121539
4 0.5785072603372896 0.5633026856192267 0.1564653917445512 0.024721531895639047
4 0.5789455387455377 0.5884936136900994 0.15558883492805514 0.024408601112150093
4 0.5774115643166696 0.6150927302866731 0.15602711333630326 0.026286185813084586
4 0.5774115643166696 0.6404401237492904 0.15602711333630326 0.02628618581308466
4 0.4180973629185061 0.5653367357119058 0.15909506219403938 0.047565479090343456
4 0.417659084510258 0.626984100059259 0.155588834928055 0.07322580333644986
4 0.2557152126626063 0.6495151164704744 0.15778022696929533 0.021279293277259016
4 0.0882977595176919 0.7798441378020161 0.15007967533637723 0.025369298617461736
4 0.08723712576973164 0.8758309616755459 0.15432221032821827 0.1681189341216853
4 0.2505747229556122 0.7629943797650452 0.1479584078404567 0.024990652369439773
4 0.2511050398295923 0.7834412771582232 0.15114030908433748 0.016660434912959942
4 0.2495140892076519 0.8012376508152486 0.15220094283229774 0.017417727409003304
4 0.24845345545969164 0.8567093261504443 0.15432221032821822 0.09504020825347538
4 0.24739282171173138 0.9333851913748616 0.15644347782413878 0.055282352211184785
4 0.41417747857848286 0.7137703675222095 0.15273125970627796 0.01817501990504695
4 0.4123213695195523 0.7662128728732307 0.15432221032821822 0.08670999079699555
4 0.41126073577159206 0.8302040887889173 0.1564434778241388 0.040515148538334246
4 0.4104652604606218 0.877697261888954 0.15697379469811892 0.05679693720327208
4 0.4086091514016914 0.9193483491713537 0.15432221032821822 0.024990652369439773
4 0.4078136760907212 0.9473681715249679 0.15697379469811884 0.031806284833832306
4 0.5738330273807054 0.7007095570709745 0.15432221032821833 0.025747944865483062
4 0.5725072351957552 0.7302439644166762 0.15273125970627788 0.03407816232196339
4 0.5735678689437155 0.7592104023903451 0.15485252720219847 0.025369298617461452
4 0.5725072351957552 0.7840117316357739 0.1537918934542382 0.02574794486548342
4 0.5730375520697354 0.8040799827809301 0.15273125970627782 0.01817501990504695
4 0.571976918321775 0.820361771445868 0.15379189345423805 0.016660434912959658
4 0.5690601755148843 0.8762120930290855 0.15538284407617853 0.09428291575743174
4 0.5672040664559537 0.9434218020529577 0.15273125970627777 0.04165108728239933
4 0.7353885188168882 0.7293165176538505 0.1547561059523838 0.03407816232196325
4 0.7346653594432788 0.7702791572125741 0.15620242469960233 0.04853556451915992
4 0.7327369344469875 0.8213964006955189 0.15813084969589355 0.054387370170405944
4 0.7317727219488419 0.8611542567378094 0.157166637197748 0.025816789637850945
4 0.7312906156997689 0.8855941509283082 0.15716663719774815 0.024439894190498846
4 0.7286390313298682 0.9321878992179115 0.15764874344682084 0.06609098147289856
4 0.8923456745820332 0.8129600434208457 0.15485252720219833 0.041272441034377605
4 0.8902244070861127 0.8415478351464927 0.14954935846239706 0.016660434912959658
4 0.8902244070861127 0.8582082700594527 0.15167062595831765 0.015903142416916153
4 0.8891637733381523 0.8983447723497647 0.15273125970627788 0.06436986216370841
4 0.8870425058422319 0.9430250296163389 0.15273125970627788 0.024233359873396126
4 0.9059933793339119 0.1750411155630264 0.16106253779650573 0.153026094675536
4 0.9063142210426699 0.3085953269340405 0.1604208543789899 0.11408232806649231
4 0.9018224371200582 0.3821303215311169 0.15528738703886233 0.03390398504787328
4 0.9015015954113003 0.4533745063276612 0.15721243729141007 0.111333356305854
4 0.8998973868675102 0.5214115574034609 0.1578541207089259 0.02474074584574531
4 0.8995765451587523 0.5429451695284615 0.15464570362134622 0.018326478404255796
4 0.8966889697799306 0.5674568343941536 0.15400402020383028 0.03161317524734123
4 0.8976514949062044 0.6233525935271338 0.15464570362134622 0.0783456951781934
