7 0.802762977132331 0.028777705812447197 0.312484917272988 0.030470512036708797
7 0.4143189416432556 0.0646651977667931 0.419146717410455 0.09005729113071707
7 0.4035365569611517 0.11815787445345968 0.12176136431671601 0.01286532730438818
2 0.09805561197186861 0.06703512648075936 0.15300985604401476 0.10156837345569598
2 0.8043792784285705 0.09818276100717281 0.31571751986546714 0.10563110839392383
7 0.09697807777437556 0.12797615055417697 0.1293041036991674 0.008125469876455682
7 0.4105405292448566 0.1391486716343035 0.3663616271476411 0.015573817263206724
7 0.09643931067562903 0.15675385636662414 0.14977725345153559 0.011511082324978883
7 0.40892422794861694 0.16013946881514735 0.26830601517577235 0.014219572283797426
7 0.8900432471292692 0.16420220375337521 0.15085478764902888 0.0115110823249789
7 0.24837163252215075 0.1994125732180165 0.419160802824801 0.03182475701611803
7 0.13523054178537927 0.22751315654075907 0.15408739024150783 0.014896694773502049
7 0.1341530075878862 0.26780194467818513 0.2252046472760499 0.05213843170725727
7 0.12822656950167435 0.31215346775383906 0.14223451406908416 0.0230221646499578
4 0.12822656950167438 0.34874928985733367 0.22843724986852915 0.043398254659985105
4 0.1293041036991672 0.6904183593074009 0.22197204468357032 0.14711954237295685
4 0.12714903530418128 0.8961716151240909 0.2219720446835707 0.12933039553358638
4 0.36781981288954557 0.354515002161627 0.22830840899704644 0.25806642617996395
7 0.34211710770404713 0.5633659114342605 0.1864134161662997 0.012188204814683488
4 0.3615127232589222 0.6926963069678468 0.23382492085599438 0.23022164649957758
4 0.3588188877651896 0.88759766670903 0.23274738665850137 0.14761270275561145
4 0.5974927125099023 0.8547259169162089 0.23597998925098032 0.027699403993613907
4 0.839025145306392 0.8657646243315084 0.2356504441348924 0.04435983890657127
7 0.549003673622715 0.1891458185786937 0.1088309539467992 0.01421957228379739
7 0.6077292873860869 0.22943460671611982 0.23059231826351514 0.052815554196962
4 0.6034191505961188 0.3222592151268303 0.2305923182635155 0.11387423291273098
4 0.8469418792295476 0.22540951050737953 0.23705752344847375 0.08674695614117162
6 0.9018961233016928 0.5493749831015622 0.06680712024456965 0.015573817263206778
7 0.6023416163986216 0.5960964348911822 0.22412711307855673 0.05755541162489428
7 0.5613953168938852 0.6357081005389038 0.15085478764902865 0.018959429711729925
7 0.5436160026352497 0.6502662340675536 0.1152961591317576 0.008802592366160268
7 0.6039579176948612 0.6685485412895789 0.1734830057963829 0.018282307222025337
4 0.5996477809048881 0.7263227319200465 0.23166985246100807 0.09726607403891759
4 0.8420929753408278 0.6159250033652262 0.23382492085599438 0.09992103853180236
7 0.8377828385508557 0.7196712892622792 0.06141944925710476 0.01489669477350219
7 0.8356277701558694 0.7386307189740091 0.17348300579638276 0.010833959835274243
4 0.8383216056496022 0.7850136095187769 0.23705752344847342 0.07380635137780586
4 0.836616915736609 0.9302344288019806 0.23529815380731747 0.07039033750725537
4 0.5956848624719331 0.905452031868953 0.2306584719012578 0.060810587432303435
4 0.596016268322366 0.9546003148621844 0.2299956602003921 0.022491587132495567
4 0.12924828166880822 0.7946601396977703 0.22403035489260095 0.061643609177951364
4 0.5998445892834434 0.7971592049347143 0.23330971870472048 0.04415015251934349
4 0.8419194093435345 0.6872003345091795 0.23794940061078038 0.04331713077369557
4 0.12977853102950082 0.43987469019080355 0.22164423276948456 0.13928123587234395
4 0.13014307746497691 0.5603712856987854 0.21945695415662775 0.09987930730319419
4 0.3634527961696975 0.5193881038483916 0.22966425434995927 0.06047737873404422
4 0.6033734782019751 0.4362317080890809 0.22893516147900705 0.11041703238564125
4 0.603373478201975 0.5212207516888173 0.2303933472209114 0.059561054813831414
4 0.8457968577935988 0.35238806938961065 0.23549699731757726 0.16448014367819566
4 0.8457968577935986 0.4595979680545071 0.23258062583376826 0.04902332973138428
4 0.8439741256162181 0.5113702695465296 0.234767904446625 0.051772301492022735
