5 0.48986615206866657 0.026777116638319845 0.08094654364667427 0.016620279292750242
3 0.962054323340933 0.025545984838856867 0.024190921089810614 0.012926883894361314
4 0.08094654364667392 0.2099079718084378 0.1414238463712004 0.33486784945392983
7 0.07257276326943209 0.39950226892573754 0.12281544553288506 0.030778294986574507
4 0.07489881337422157 0.4587417372432002 0.1404934263292852 0.07415819185425565
4 0.23770614354968556 0.0620554763553019 0.164651993099496 0.040393990347120934
7 0.23818753073044377 0.4182770288675479 0.07443360335326371 0.010464620295435339
4 0.40473271823337137 0.04984010279172968 0.16375392737717914 0.013500979621051158
7 0.4065935583172029 0.1622016145792478 0.1544497269580222 0.012926883894361314
4 0.40008061802379247 0.18575773486355204 0.16375392737717967 0.029260829476395696
4 0.5708126957153392 0.05509220397797872 0.15910182716760035 0.02154291839462283
7 0.5703474856943831 0.18374642106985 0.160032247209517 0.014158015693824275
7 0.5661605955057618 0.20005891741273452 0.12746754574246402 0.012311317994629825
4 0.5642997554219302 0.23747593418446475 0.15910182716760105 0.06621611094721996
4 0.7271232627571921 0.37168453702855786 0.15538014699993702 0.09210035214120228
7 0.8443561880385849 0.32994332225607903 0.058616462640695206 0.00615565899731493
7 0.8955292903439536 0.3468713844986951 0.10513746473648496 0.011695752094898282
4 0.8909758893828668 0.3776182885677645 0.16468434741909596 0.05154839748053201
7 0.7652704844757423 0.0529386673769082 0.2167878697663805 0.012311317994629806
7 0.8178392168439848 0.06832781487019547 0.22330081005979097 0.011080186195166819
4 0.8164435867811111 0.1334907810369312 0.3247165946286127 0.12293914153669368
7 0.06559461295506361 0.6414328634064066 0.12560670565863244 0.019082542891676296
7 0.08048133362571637 0.6694411118441893 0.12374586557480088 0.02462263598925972
4 0.0716423432275163 0.7879016389054976 0.1432846864550326 0.20628639368405685
7 0.08420301379337954 0.9024328048925585 0.11071998498797972 0.025238201888991226
4 0.05349915241015827 0.9298254874306099 0.09955494448499018 0.04432074478066738
4 0.2316745904370332 0.6494352201029159 0.15444972695802214 0.027700465487917186
4 0.226557280206496 0.8261026333258519 0.1609626672514321 0.32070983376010603
4 0.3935676777303817 0.7521116183885473 0.16003224720951686 0.23059099846025027
4 0.5484826147093618 0.6728736268247065 0.1349109060777904 0.0708838835331052
1 0.0702467131646426 0.9651846180281669 0.1404934263292852 0.04131473255601719
7 0.725262422673363 0.6448184758549297 0.08280738373050582 0.012311317994629931
4 0.7192146924009039 0.8043193254889348 0.1563105670418534 0.3054592494739184
4 0.8880859300086275 0.727612089368815 0.16468434741909604 0.17174288602508583
7 0.8894815600715001 0.8245637185765241 0.1563105670418538 0.019698108791408302
4 0.889481560071501 0.8793490836526278 0.1674756075448434 0.08864148956133462
1 0.7057236017931313 0.9830719377573837 0.1386325862454536 0.012926883894361226
1 0.8890163500505431 0.9535247745702722 0.16840602758675913 0.056016496875565584
3 0.9415850824187857 0.9855342013563099 0.026051761173642374 0.011695752094898353
4 0.07492175952943445 0.5563040860633869 0.14151887911115396 0.12082257550514243
4 0.07726306451472927 0.6208460601580142 0.1305927891797781 0.012392059026168382
4 0.23966062887774606 0.10788013610872876 0.15671599519082913 0.05289964409094518
4 0.23894989874082617 0.19957285253303375 0.15813745546466884 0.13095600781625097
4 0.2368177083300666 0.3376997009927239 0.162401836286188 0.14717856533747412
4 0.23255332750854749 0.4432638796453213 0.15529453491698944 0.036677086569722024
4 0.2314872323031677 0.4880522449756549 0.15955891573850858 0.051959205973772814
4 0.23202027990585755 0.5587026585282282 0.16062501094388837 0.08369899242833995
4 0.22935504189240807 0.6137182883828113 0.15742672532774896 0.02680248633941219
4 0.40856648658263317 0.06649779149143427 0.15703298083189537 0.018462916225857037
4 0.4059650365989722 0.09403570043847527 0.15939793536249625 0.037864624802181404
4 0.4054920456928521 0.13127446367367845 0.15845195355025588 0.03598704010124678
4 0.402022319152378 0.25121281752038777 0.15571451181607848 0.10002841791742366
4 0.40040702338665113 0.3336080207408297 0.1582989850412415 0.06476198852346016
4 0.3987917276209242 0.41258344898973576 0.15959122165382314 0.09233392423146788
4 0.3986301980443514 0.48226136403477865 0.15732980758180534 0.04702190585861793
4 0.39782255016148804 0.5498019197226117 0.1563606301223693 0.0825020711883024
4 0.3947534882066068 0.6108235293709545 0.155391452662933 0.03825873249405731
4 0.57218134052343 0.09863734760968254 0.15910468100070183 0.06474850841173019
4 0.573039819018038 0.15126917608471468 0.1573877240114855 0.041272441034377716
4 0.5656683529587123 0.3268035147133088 0.1592087390000482 0.1108400835118401
4 0.5638473379701496 0.4286937778173605 0.15868844900331588 0.09225199497258735
4 0.5622864679799531 0.5207736608590289 0.15868844900331588 0.09190777111074937
4 0.5630669029750515 0.5987403655653388 0.1592087390000482 0.0633371905781943
4 0.728148476707434 0.4613950446919716 0.15556670902292297 0.0881213086305312
4 0.7289289117025324 0.5154381910005398 0.1571275790131196 0.01789964081557656
4 0.727628186710702 0.573784135582083 0.15972902899678046 0.09810380062383367
6 0.7643086314803207 0.6281715057524889 0.05619131964707592 0.009982491993302532
4 0.893684169601244 0.4365258545785162 0.1580052949020184 0.06820119403460702
4 0.8938310146708557 0.4786901255343842 0.1571242244843492 0.016127347877129238
4 0.8907252414485715 0.5593403865366691 0.15955891573850864 0.1462381272203018
6 0.943674636649101 0.629873245324596 0.029495300682174274 0.011285257406068325
4 0.8168006892506307 0.2039392730740265 0.3298846695280739 0.017493456658607798
4 0.8186893419387686 0.2233070286603423 0.3248482623597063 0.02124205451402375
4 0.8171154646986538 0.25496185499496593 0.3254778132557524 0.040401554663927544
4 0.8171154646986537 0.28869923569370953 0.33051422042412 0.0254071632422637
4 0.8155415874585388 0.30973303477132136 0.32233005877552245 0.014994391421663842
7 0.7188641063898745 0.9643449598138164 0.11130856276554837 0.011464018370489413
6 0.7422124724581096 0.9748374512037562 0.11218963318321755 0.011075407578269391
6 0.4248737789172293 0.8838330350150235 0.09141079010587085 0.013607410215159916
4 0.3681229133931677 0.9382626758756633 0.11807227055341649 0.10029165306728985
7 0.5558959114023109 0.7152523417938755 0.06246403990567842 0.013103432059042887
4 0.5467548323917237 0.8520824111796504 0.1371161851588063 0.27265218245931566
