5 0.48162558305968595 0.0254366074269211 0.10164962054526043 0.015261964456152658
2 0.8495004002711042 0.026199705649728736 0.227501531696535 0.01475323230761424
7 0.13190248380277833 0.06766137575561013 0.21701387243392886 0.03968110758599692
4 0.1306923692724776 0.18136301095394747 0.22588804565613413 0.17449512694867877
4 0.1319024838027783 0.3759530577698939 0.22185433055513168 0.15668950174983398
7 0.36626133117101745 0.07910784909772463 0.22911501773693613 0.07478362583514804
4 0.3650512166407182 0.19623503811264673 0.23153524679753737 0.13505160906485073
7 0.36948830325181936 0.42708063869800533 0.15812163195929385 0.036119982546228044
7 0.5945696058877529 0.06206532212168749 0.21136667129252537 0.03662871469476639
4 0.6042505221301593 0.1771195231233596 0.2291150177369358 0.16906054417873329
6 0.682101223579505 0.44717555856527297 0.060505726515036 0.012209571564922115
7 0.8450633136600016 0.05621490241349564 0.18958460974711272 0.027980268169613208
7 0.839012741008498 0.09793093859364625 0.18716438068651087 0.019840553792998462
4 0.8480674633186256 0.14690435240441224 0.23859279608685535 0.050122296040853026
6 0.873462241119947 0.5739578907597727 0.1854409355724541 0.046179753797856354
2 0.7937344503483506 0.6078478713694906 0.13228907505805837 0.015641529512177142
4 0.13051734637424472 0.5021570938483649 0.22560011907222374 0.07389014987031618
4 0.3655666850934742 0.5283225867815857 0.2303247288957267 0.12324179678204794
4 0.603568904952392 0.4749029313924051 0.23150588135160216 0.017892155481040593
6 0.6903836104592423 0.6085927061081658 0.04606494577914546 0.011172521080126572
7 0.12520216032280543 0.671527880244279 0.19370900276358555 0.04766942327520653
7 0.128745617690432 0.7113765387633972 0.22678127152810013 0.024579546376278502
7 0.13347022751393392 0.7538321188678775 0.14173829470506227 0.033517563240379744
4 0.1299267701463075 0.8730056770558948 0.22441896661634908 0.20929856156770416
4 0.3655666850934751 0.6622052152950024 0.2279624239839758 0.04541045762750052
4 0.6006160238127032 0.6456184661251421 0.23032472889572675 0.02266464562923111
4 0.8451145821789354 0.6533056438182274 0.23741164363097983 0.039528670492754645
6 0.9148025770755916 0.9646203499129326 0.07913721454365984 0.011172521080126643
4 0.1315170399153492 0.5781715156075341 0.22241852338625231 0.07988557752611115
4 0.3678160984912629 0.7154310426898745 0.2253755788534787 0.05946942242180982
4 0.36701689431093143 0.7620490221307002 0.22377717049281579 0.03779836170877772
4 0.3670168943109314 0.7932956678099563 0.2253755788534788 0.026710842274202663
4 0.36701689431093143 0.8250462916453296 0.22377717049281579 0.03477449277207541
4 0.36541848595026843 0.8499932103731228 0.2253755788534788 0.02015912624468143
4 0.3666172922207656 0.8716642710861552 0.22457637467314734 0.024190951493617517
4 0.3666172922207656 0.9054308075459966 0.22777319139447322 0.04535803405053329
4 0.3662176901305999 0.946505027269535 0.22857239557480472 0.03679040539654338
4 0.31906464349104224 0.9684280770606258 0.11188858524640793 0.009071606810106658
4 0.36663068708729796 0.6017839684854833 0.22777319139447336 0.02771879858643686
4 0.6051931349162463 0.5410546006733806 0.22857239557480477 0.1128911069702157
4 0.3674298912676295 0.30670475807895947 0.22457637467314734 0.08567628653989584
7 0.3690282996282924 0.357102573690663 0.15104959008265073 0.009071606810106658
4 0.3678294933577952 0.379529601637871 0.22537557885347886 0.025702885961968677
4 0.605592737006412 0.31325647410848095 0.22617478303381028 0.10281154384787505
4 0.6063919411867436 0.40296458589731315 0.22937159975513624 0.07761263604202334
4 0.8453539911058576 0.1925537057184512 0.23256841647646226 0.037798361708777616
4 0.8449543890156919 0.2515191499841442 0.22857239557480483 0.07509274526143812
4 0.8457535931960234 0.3021689546739062 0.2317692122961307 0.024190951493617625
4 0.8441551848353603 0.32938377510422606 0.23017080393546777 0.027214820430319833
4 0.8453539911058576 0.3553386501442533 0.23097000811579904 0.022679017025266646
4 0.8469523994665207 0.3812935251842806 0.23097000811579918 0.029230733054787947
4 0.8465527973763548 0.423375701220053 0.2349660290174566 0.05291770639228858
4 0.8461531952861892 0.47755335300263424 0.2341668248371252 0.05342168454840568
4 0.8449543890156919 0.5266912232240452 0.23017080393546763 0.03679040539654359
4 0.6040048175190253 0.672342247253986 0.22966614342617078 0.034396524135579226
4 0.6048250537455474 0.7069973918717872 0.23048637965269292 0.03387928317113406
4 0.6050301128021779 0.734023232264028 0.23007626153943192 0.019655156648902335
4 0.605440230915439 0.7649283798896046 0.22925602531290992 0.04112065667336139
4 0.6046199946889168 0.794928355827403 0.23007626153943178 0.01784481327334575
4 0.6044149356322864 0.8129024793418596 0.23048637965269286 0.018620674720012574
4 0.6052351718588085 0.8302300516507602 0.22884590719964876 0.017068951826678357
4 0.604619994688917 0.8466524522718825 0.23007626153943178 0.01681033134445599
4 0.6048250537455475 0.8947558619652487 0.22966614342617078 0.07887924707783156
4 0.6048250537455474 0.95204029877751 0.22884590719964862 0.035689626546691076
4 0.8445857409797368 0.6857894546793207 0.22962513161484452 0.026741357861796048
4 0.843457916168269 0.7202118408631222 0.2273694819919089 0.04324134462758522
4 0.8441346110551495 0.7586169824731483 0.2305273914640189 0.0347068687142459
4 0.8434579161682688 0.794177298778728 0.2336853009361286 0.0347068687142459
4 0.843909046092856 0.8243324470058596 0.23097852138860603 0.025603427740017396
4 0.843909046092856 0.8456686367892076 0.23097852138860603 0.017068951826678357
4 0.8434579161682692 0.8891944639472373 0.23097852138860603 0.06941373742849194
4 0.8441346110551495 0.9419659733447179 0.2305273914640189 0.03442238618380131
