5 0.5152639519042477 0.023022164649957755 0.05423831072676286 0.013542449794092798
4 0.19221296082115974 0.05499742077611105 0.31781746987261067 0.021968917890618948
7 0.19887380599813068 0.13508593669607566 0.28356169467676046 0.018282307222025285
4 0.19839803134263242 0.18447693383477742 0.31496282193962266 0.0750827071377413
7 0.1979222566871348 0.4489322106741763 0.31781746987261067 0.016250939752911364
4 0.20410732720860733 0.4818248155135258 0.3130597233176309 0.040054555069923656
7 0.202680003242114 0.7302766051464542 0.321623667116594 0.025053532119071777
4 0.20601042583059936 0.7966185175874849 0.31686592056161467 0.0929534325769898
7 0.5143124025932518 0.051122747972700326 0.07707549419066304 0.019636552201434555
7 0.6551417006206361 0.0643266365219408 0.0504321134827795 0.012188204814683514
4 0.5200216984592264 0.08597363988683655 0.3130597233176313 0.025688821997471106
7 0.6518112780321508 0.12831471179902926 0.05518986003775879 0.010156837345569603
4 0.5214490224257203 0.15028988367228802 0.3159143712506191 0.02566803652449231
7 0.5262067689806997 0.2705104346370037 0.27785239881078544 0.015573817263206741
4 0.5204974731147248 0.293856090653474 0.3178174698726108 0.018929289955050634
7 0.41624231379339166 0.3665912169997783 0.10165419375278752 0.015794131937660227
4 0.44487417185913075 0.4070888990863225 0.1527032430172876 0.05698828362784494
7 0.4508668863380092 0.49626104020796846 0.07058085941787433 0.00979236180134933
4 0.4448741718591331 0.5275334214445355 0.15447886212214015 0.05022533956175941
7 0.5724967950203839 0.3656435690835187 0.09100047912367451 0.013267070827634555
4 0.6042359865196149 0.3966201355195586 0.1624691480939749 0.043000174546890646
4 0.6064555104006818 0.5153719398525373 0.1535910525697139 0.0675988846931856
7 0.4468717433520918 0.572546697466867 0.13361533764012684 0.026534141655268968
7 0.6068994151768947 0.5690719884405818 0.13761048062604422 0.02842943748778829
7 0.4535303149952874 0.6017658415515384 0.17267895794687477 0.013582953466387764
4 0.5285562754222368 0.633190264249832 0.31885680075382916 0.05248626744275232
4 0.19792701738401433 0.07765904702235721 0.32071447498398314 0.026849461223364984
4 0.19792701738401433 0.09917303838723297 0.31781208154521406 0.02030920784844279
4 0.19599208842483493 0.11758901499556668 0.31394222362685525 0.01858808853925268
4 0.19940442194018046 0.2428444464101549 0.31382628780078875 0.04807754764514389
4 0.20120342613776457 0.2739952834938429 0.3134265090902144 0.02162067231379254
4 0.20000409000604183 0.29547371454241306 0.31182739424791744 0.03043963075757631
4 0.20020397936132894 0.3169521455909832 0.31142761553734316 0.02162067231379254
4 0.20040386871661617 0.3482452239398932 0.31182739424791744 0.04324134462758542
4 0.20240276226948736 0.4048572474983766 0.31262695166906596 0.07112063261115964
0 0.83478125349807 0.07800112709249367 0.29319011053965627 0.07572924960436278
0 0.8358454644256187 0.14331760487625658 0.3006395870324971 0.035971393562072365
0 0.8345152007661829 0.18004629093437252 0.29265800507588197 0.03142763858581059
0 0.8347812534980702 0.23589661251759003 0.29212589961210755 0.06512715465975201
0 0.8382399390126032 0.3222279570665637 0.2841443176554927 0.06664173965183924
0 0.8429726506062909 0.4116589161909225 0.2884011613656874 0.07042820213205736
0 0.8387720444763775 0.4935653842964345 0.28627273951058996 0.05793287594733755
0 0.8409004663314744 0.5865230381857898 0.2862727395105907 0.09769073198962765
0 0.8393041499401519 0.6830778314313523 0.29052958322078465 0.07800112709249347
0 0.7932770273236724 0.8000795220700928 0.1984753379878255 0.15070120671268214
7 0.9438628735718079 0.7332484592942428 0.07821950317482645 0.022340128633286868
4 0.9393399771297262 0.7881521652574057 0.09684319440692832 0.11321522815852247
4 0.9417344517167107 0.8527113505451251 0.09631108894315403 0.03786462480218134
0 0.36188613267490394 0.9420768581578801 0.615932271658719 0.0907585534596268
2 0.8336861050734177 0.9335913023466142 0.3027815207480572 0.09002067904125582
4 0.20489162530165556 0.5154502102637224 0.3147384662428473 0.029936302473351974
4 0.2047313019254204 0.5812478426928255 0.31607064548195263 0.10639959569412973
4 0.20659367104863052 0.6444817661124685 0.3144743290906296 0.022340128633286868
4 0.20685972378051773 0.67401617345817 0.31500643455440397 0.045816196010639486
4 0.2060615655848562 0.706390427664035 0.3144743290906296 0.02120418988922154
4 0.20764085460133835 0.8664779012936837 0.31484148186063393 0.051772301492022735
4 0.5222242876945424 0.11178150430330053 0.3154853294718008 0.028739250224855687
4 0.5216389716843908 0.17446639066331182 0.3143146974514974 0.025823674115087698
4 0.5225169456996182 0.1971662332322196 0.3160706454819525 0.026240184987911627
4 0.5219316296894666 0.2215321192924233 0.3160706454819525 0.024990652369439738
4 0.5236875777199219 0.24568974991621503 0.31724127750225617 0.027489717606383694
4 0.5222242876945425 0.3117067232588183 0.31314406543119394 0.018742989277079722
4 0.5248582097402255 0.3279506472989542 0.31490001346164914 0.020409032768375752
4 0.523394919714846 0.3437780604662659 0.31431469745149726 0.019576011022727827
4 0.4455478903646613 0.46144238203904464 0.15627937471052092 0.05331339172147139
4 0.6065097931563964 0.44686450149020474 0.15276747864961038 0.0599775656866553
4 0.5295866795536722 0.6767508375109399 0.3148657124482817 0.04005514028660514
4 0.5302463144261198 0.7434050943941187 0.31354644270338666 0.10138957385046908
4 0.5306860710077516 0.8160050361635904 0.3161849821931768 0.04881720222430019
4 0.5320053407526446 0.8623187921199771 0.3161849821931759 0.0481913406573207
