7 0.24247082621327856 0.06870229007633588 0.3667371246475838 0.09814612868047982
7 0.24322854754519505 0.12322791712104689 0.2682333514984394 0.01744820065430751
7 0.7198352653206705 0.015267175572519083 0.49706519373722086 0.013086150490730641
2 0.6523980667801027 0.08069792802617229 0.38946876460507873 0.10905125408942203
2 0.9198736969466256 0.07742639040348964 0.10608098646830925 0.10250817884405672
7 0.10253916554708202 0.15277196880878074 0.13379754364832924 0.010931434596693315
7 0.5527182370799977 0.14709603161434381 0.17761769986503098 0.009670115220151806
7 0.893370953206026 0.14478361275735097 0.1034155686714162 0.008408795843610335
7 0.17937050611369906 0.18073121498878492 0.18229184986147914 0.032373863997899585
4 0.17427590634079368 0.22031776357441074 0.3209983097028059 0.023830192338950416
6 0.25441239084644857 0.8617284119687212 0.15084756806719138 0.013759847744089483
7 0.18387978227575352 0.8852954502440338 0.2652878592585175 0.014747727825767214
4 0.18387978227575355 0.9365028385279472 0.31766228640826777 0.07455795734137809
7 0.4907256109030946 0.17369546105903427 0.29830651985292517 0.02949545565153409
7 0.4930027599096054 0.19663637101022752 0.31652371190501233 0.018025000675937514
7 0.4964467470844985 0.21846660188446015 0.22986052847774677 0.01189649603610102
4 0.49558259606091304 0.3034548163811179 0.3110646822636265 0.1605157961430241
7 0.5005313523696537 0.6042372975648839 0.19229453085387832 0.015261964456152697
4 0.49735000902832055 0.7069516643616849 0.31177164745058944 0.19220169773159929
7 0.4955825960609138 0.8837547040589699 0.2135034864627626 0.016788160901768996
4 0.5019452827435793 0.9202999878105435 0.31247861263755217 0.06037226378968544
7 0.7292345903521155 0.16440744602564167 0.07281741425716703 0.014753232307614255
7 0.7271136947912271 0.17966941048179433 0.12513283809241343 0.01068337511930686
4 0.7315311744498019 0.2471993432183588 0.15306006849732798 0.1091145258976697
4 0.888301757418743 0.1625571874287393 0.15765323669270156 0.012070179410887729
6 0.9434450420018402 0.38239917167435544 0.0318134334133255 0.00813971437661479
7 0.8094751390723921 0.4002047968732003 0.270060701419785 0.017296893050306322
4 0.8137169301941684 0.4209010693020481 0.3181343341332542 0.028165508995697936
7 0.8137169301941688 0.6217576475616832 0.1852248789842504 0.016788160901768025
4 0.8144238953811268 0.6496867120086062 0.31530647338540163 0.04415728947746388
7 0.8161913083485385 0.8550113376665496 0.3032880652070361 0.013227035861998929
4 0.8165447909420155 0.9002477087792639 0.3096507518896997 0.07826317066052074
1 0.8151308605680943 0.9753264907958865 0.21915920795846403 0.012718303713460414
4 0.17809808221971885 0.24287697072417125 0.3048027111906842 0.025603427740017465
4 0.17928408498699777 0.26705798581196555 0.30875605374828063 0.028448253044463846
4 0.1788887507312381 0.2965019277129856 0.30796538523676126 0.03328445606202269
4 0.17948175211487757 0.34315706270590624 0.30915138800404024 0.06400856935004366
4 0.1788887507312381 0.4050320130776152 0.31033739077131917 0.06201719163693127
4 0.18027242062639687 0.4505492179487574 0.30915138800404024 0.029586183166242393
4 0.1790864178591179 0.5094371017507976 0.3091513880040402 0.08932751455961657
4 0.1814584233936758 0.5678982617571708 0.3067793824694824 0.027594805453129895
4 0.1814584233936758 0.595635308475523 0.3107327250270788 0.029017218105353067
4 0.18066775488215647 0.6236568377243199 0.31073272502707877 0.027025840392240638
4 0.18264442616095472 0.6599283603560114 0.30757005098100165 0.04722410005381
4 0.18244675903307492 0.6915059212353662 0.30875605374828063 0.021051707252903073
4 0.18303976041671433 0.7144067649361596 0.30598871395796307 0.0293017006357978
4 0.18343509467247401 0.7418593291240673 0.30598871395796307 0.03015514822713186
4 0.18264442616095472 0.7691696520467525 0.30282603991188595 0.027310322922685232
4 0.18383042892823362 0.8040187620262208 0.3044073769349245 0.04523272234069751
4 0.18402809605611345 0.8404325259231346 0.3087560537482805 0.028732735574908616
4 0.4946036314139879 0.4151866461536749 0.3081578497658355 0.0636845124547888
4 0.4949219763001096 0.4816201303691021 0.3049744009046181 0.07284775165691677
4 0.4971503905029617 0.5563005298664445 0.3081578497658355 0.07742937125798079
4 0.5006521842503007 0.8190564139874621 0.30879453953807884 0.030238689367022006
4 0.5000154944780568 0.8417354310127289 0.3075211599935918 0.018784640364362074
4 0.5012888740225442 0.8648726099981016 0.30879453953807895 0.02474074584574538
4 0.5012888740225442 0.9624307192712754 0.31006791908256576 0.02107545016489425
4 0.730361881454894 0.3223784610026418 0.15089547602170028 0.041234576409575535
4 0.7306802263410157 0.36659109015290897 0.14898540670497012 0.047190681890958715
4 0.8908077040602465 0.19913289373402154 0.15471561465516118 0.06322635049468253
4 0.8895343245157593 0.24723989954519304 0.15344223511067412 0.032987661127660425
4 0.8908077040602465 0.27175156441088516 0.15471561465516118 0.01786831644414942
4 0.8898526694018811 0.28916171889492814 0.1528055453384306 0.015119344683511003
4 0.8904893591741246 0.32192029904253533 0.1553523044274047 0.04948149169149055
4 0.8885792898573942 0.36475844231248333 0.15407892488291763 0.03252949916755405
4 0.8127894631850213 0.4822279943899568 0.3074514507042737 0.09982491993302361
4 0.8119197278223481 0.5432494971703317 0.30745145070427254 0.02659911659657379
7 0.812137161663018 0.563746463488868 0.30788631838560915 0.015020677607476926
4 0.8125720293443536 0.5925360955698653 0.3096257891109516 0.04381030968847448
4 0.8160727141791051 0.7300676101639094 0.3094953288065511 0.1146265459920582
4 0.815594359729636 0.8175004710707645 0.30662520210973626 0.060927623545328234
4 0.8160727141791051 0.9532967845658606 0.3094953288065511 0.0289148043943932
