7 0.773182034178796 0.1157301870345589 0.374792406999269 0.1289686955145269
7 0.7686113950690487 0.20711860041240243 0.12797789507292096 0.03672618481539505
2 0.7694683899021263 0.2801439213825485 0.41307150954340144 0.05978681249017811
7 0.5986407531753254 0.35316924235269453 0.08855613275135163 0.02306062767478288
4 0.6269215826668861 0.43345439055379076 0.14168981240216275 0.12213591694422085
4 0.6234936033345757 0.8101113092419123 0.14168981240216255 0.21608662228592906
4 0.7711823795682815 0.5461952369638406 0.13997582273600742 0.40227983832676917
4 0.9171571661358322 0.5188641226826164 0.13940449284728898 0.3561585829772033
4 0.9160145063583954 0.7242745284524423 0.13940449284728915 0.04441306070698957
2 0.8437412754355179 0.8402838009190958 0.241672542927882 0.1264064035506621
2 0.7611841065157097 0.9607115232207399 0.1554017297314043 0.02733111428122399
1 0.7732793522267207 0.9260083288144338 0.04453441295546554 0.027235539082777507
1 0.8491902834008098 0.9267648715667332 0.07489878542510113 0.02572245357817877
1 0.8517206477732793 0.9638354664294024 0.021255060728745008 0.030261710091974977
1 0.9585020242914979 0.9479480686311157 0.06477732793522264 0.04993182165175867
