7 0.1666533816668904 0.1352748164897037 0.24644361294145262 0.03528916856357849
7 0.16098746068738748 0.2205683355886333 0.02429999406602077 0.02435723951285521
5 0.07085079106782124 0.8686086513345898 0.12280803785089017 0.017675516435551514
6 0.41968114751523344 0.8579161028416779 0.05771248590679925 0.024357239512855244
7 0.6885701527805442 0.18367006190378682 0.291561740212428 0.09124698419651561
4 0.6065075067855734 0.40028853259566577 0.1396932928458947 0.24677211445530964
4 0.6030497520121603 0.6201373069620516 0.13554398711779897 0.11275729574362459
4 0.6009750991481124 0.7730990483191816 0.14107639475526013 0.18946922645445113
4 0.7618757814194569 0.339700967705144 0.13600536745721586 0.11975286220846854
4 0.9214146642406084 0.17491817318310546 0.13888172065114346 0.10846454406987323
5 0.9112497774757782 0.9012178619756426 0.14174996538512105 0.027063599458727907
2 0.45663738849063995 0.9005412719891746 0.05872498565955013 0.020297699594046037
2 0.553837364754723 0.8998646820027063 0.06277498467055359 0.021650879566982438
4 0.0920419744334102 0.3053810604766628 0.13945753702031846 0.06336968431231256
4 0.09024894895743465 0.373809669166849 0.1398559871260908 0.07029242293466595
4 0.08706134811125596 0.4321204291012878 0.1358714860683674 0.03461369311176725
4 0.08726057316414212 0.4893661523245953 0.13706683638568443 0.07881271662371639
4 0.08467064747662192 0.5764329034595792 0.13666838627991207 0.08680049195720095
4 0.08267839694776022 0.6627008770612147 0.13826218670300144 0.0814753084015446
4 0.08148304663044321 0.7287331531513556 0.13905908691454613 0.04952420706760549
4 0.08148304663044321 0.8046170188194607 0.14065288733763545 0.09585330400181732
4 0.24664061547307753 0.2915355832319559 0.13467613575105042 0.025028362711585643
4 0.24484758999710202 0.36342556123331876 0.13826218670300144 0.1187515932911402
4 0.24265611441535412 0.4571487918128733 0.13786373659722906 0.06869486786796891
4 0.2410623139922648 0.5522033182813421 0.13786373659722911 0.1150239648021806
4 0.23767548809319994 0.6421989203719372 0.13587148606836744 0.060707092534484086
4 0.2386716133576308 0.6885280173061488 0.13706683638568443 0.03408117475620173
4 0.2356832375643382 0.7763935459744812 0.13666838627991207 0.1288694420468876
4 0.23827316325185843 0.8474847464424957 0.1290978342702377 0.01331295888914127
4 0.40442685735892353 0.1536133291404522 0.13706683638568443 0.09319071222398896
4 0.40283305693583427 0.24627152300887553 0.1378637365972292 0.08147530840154467
4 0.4012392565127449 0.31869401936580405 0.13626993617413966 0.059109537467787236
4 0.3996454560896555 0.427327763901197 0.13945753702031843 0.14963765791394806
4 0.3972547554550215 0.5418192103478119 0.13866063680877375 0.07188997800136285
4 0.39546172997904594 0.6102478190379982 0.13666838627991207 0.06283716595674663
4 0.3928718042915257 0.7002434211285933 0.13547303596259502 0.11502396480218052
4 0.3904811036568917 0.7857126171968801 0.13626993617413966 0.04952420706760563
4 0.38968420344534704 0.8256514938643039 0.13228543511641638 0.027158436133848197
4 0.7624799537064618 0.43545183614392435 0.13698780495974616 0.06953545469369658
4 0.7285623000746014 0.48056186213192376 0.05795637902143099 0.016283619137131496
4 0.7607147347211511 0.5133433474733686 0.1366585073516697 0.047530563967843165
4 0.7592328954848075 0.5987223234896799 0.13830499539205118 0.1144254317744379
4 0.7272910275014054 0.6686978759978931 0.0605907598860415 0.015843521322614292
4 0.756269217012121 0.7377932328770729 0.1376464001758987 0.11266504051636915
4 0.755281324187892 0.8385756324014813 0.13764640017589874 0.07657701972596943
4 0.9181246401737531 0.3664125004956705 0.13860435685393882 0.2680595779331226
4 0.9164781521333716 0.5652566948729272 0.14069988708715186 0.11442543177443748
4 0.881752222554415 0.6358723896568018 0.05927356945373632 0.017203823658394485
4 0.9115386880122247 0.7645009781724716 0.13980180270148906 0.2344521084609105
