7 0.06749774453566366 0.10560850775742438 0.1141540802322452 0.07371332085081972
4 0.08289196697362204 0.2253926541400064 0.14588986187357478 0.07087819312578819
4 0.0812341276341496 0.3182430871347888 0.1463635302562812 0.09355921492604036
4 0.0814709618255028 0.44050797027677346 0.14683719863898761 0.13395978500773964
4 0.08099729344279638 0.5489516057592294 0.14967920893522607 0.04040057008169924
4 0.07886578572061753 0.5957312132222496 0.15015287731793248 0.0276424953190574
4 0.043103822826283465 0.6286895730257411 0.061576889751833515 0.018428330212704864
4 0.03765663642515973 0.6542057225510248 0.05447186401123734 0.015593202487673352
4 0.07839211733791111 0.7509544561677255 0.15110021408334529 0.13679491273277108
4 0.07626060961573226 0.8416785433687346 0.1468371986389876 0.031895186906604776
4 0.07744478057249832 0.886331805037981 0.1501528773179325 0.04465326166924655
4 0.07910261991197073 0.9139743003570385 0.14115317804651065 0.0134668566938997
4 0.2349395178223802 0.479136585530328 0.14967920893522613 0.055284990638114734
4 0.23446584943967377 0.6155771072974702 0.1487318721698133 0.19916772268346464
4 0.23446584943967377 0.7614948801317228 0.1487318721698133 0.08292748595717214
4 0.23328167848290776 0.8458399299514108 0.15204755084875812 0.06733428346949878
4 0.23043966818666928 0.9071495670052175 0.15204755084875812 0.029768841112830985
7 0.25235254557258224 0.08730189619841379 0.13354132713641867 0.045454185251567976
4 0.2486271437425963 0.14647809963913436 0.1352607433656429 0.02830166251512722
4 0.24834057437105894 0.2815542161886052 0.13698015959486717 0.22469804784737377
4 0.3932479723552556 0.4252088945710241 0.13654973239881812 0.7294187480023743
4 0.44016310387775454 0.8036162732295328 0.042719469353820184 0.025113008538423003
4 0.3959179391898694 0.8880873019496827 0.14646675207024068 0.07533902561526887
7 0.6826553705144787 0.11757453997534358 0.23953416744820616 0.07533902561526869
4 0.6087466333626115 0.20526931987849062 0.14446885672545534 0.0368566604254098
4 0.6089834675539647 0.2633894382416369 0.143995188342749 0.07796601243836701
4 0.6096939701280243 0.3867174942805083 0.14352151996004267 0.17010766350189158
4 0.6094571359366712 0.5231580160476506 0.14210051481192337 0.10419094389490866
4 0.6085097991712582 0.5997064646235017 0.1421005148119235 0.026224931456541752
4 0.6080361307885519 0.6801532138212713 0.143995188342749 0.11624023672629263
4 0.6094571359366711 0.7949758866850481 0.14399518834274916 0.0893065233384931
4 0.6032994469614876 0.861246997257657 0.11368041184953925 0.016301984418931083
4 0.5973785921776578 0.885699973886057 0.10657538610894257 0.019845894075220655
4 0.613956985572382 0.9115705143769697 0.14067950966380421 0.017719548281447145
4 0.7600091490952221 0.23002387751620204 0.14444928365178997 0.0902086094328213
4 0.7588347646752891 0.31935383166234005 0.14288343775854556 0.06619203159681046
4 0.7602048798318777 0.3916964502659337 0.14405782217847884 0.05271931720099943
4 0.759617687621911 0.4704825409718718 0.14366636070516775 0.07907897580149914
4 0.7637280330916775 0.5278880197018491 0.13622859271225735 0.01581579516029983
4 0.911529707031695 0.07977382349335357 0.14718951396496763 0.027531198982744157
4 0.9117254377683506 0.10613348209385333 0.1460151295450342 0.02635965860049973
4 0.9128998221882837 0.25521199573445735 0.1460151295450342 0.2717973686807083
4 0.9128998221882837 0.4502734693781554 0.1452322065984123 0.11715403822444323
4 0.9107467840850729 0.5214445475995046 0.144057822178479 0.025188118218255298
0 0.8349989889993779 0.7314431611168192 0.2744144927910698 0.2565673437115306
5 0.8917609026294852 0.9370297044543616 0.08573006265512745 0.024016577836010952
3 0.957722160882403 0.9370297044543618 0.02740230313177591 0.01933041630703315
2 0.4954802929398672 0.9735379455483562 0.15881101431858483 0.03216955639219463
3 0.023528863910508423 0.9408593076794682 0.028234636692610105 0.014523227879063114
5 0.09455662184035571 0.9410793565867267 0.08852735046328794 0.017603912580682675
