2 0.09026651819137622 0.08281329683727336 0.10170875289169151 0.11212108791398535
2 0.939597657165273 0.09561125020383279 0.10578941400432385 0.11182885466878671
7 0.5166206922555401 0.090015305269751 0.723468822423619 0.12758074762641874
2 0.16823765171172309 0.17710415765251106 0.2631713981072518 0.06132091671435127
2 0.8571839594812498 0.18672312498025243 0.2602048928145774 0.055309062134512865
7 0.5158239575885101 0.16312659575438687 0.4030209333333278 0.016532600094555486
7 0.5137050252365998 0.17439882309158378 0.3394529627760206 0.014428450991612003
7 0.36855815913074835 0.18266512313886152 0.11781263876620933 0.011121930972700938
7 0.5717637716789404 0.18642253225126051 0.2885985863301748 0.011422523701692881
7 0.5134931320014088 0.19318586865357865 0.2568146010515211 0.009919560056733303
7 0.3634727214861638 0.19844624141093725 0.10594661759551201 0.010220152785725212
7 0.6694465531020025 0.20235394688783218 0.0949281693655788 0.007815410953789872
7 0.19513648506955875 0.22022222524998025 0.2661798158818464 0.021564792911336304
4 0.11403708657553295 0.2648969048754789 0.15641573361373776 0.06039181191564893
4 0.11345919593410288 0.3550747235730543 0.15834203575183797 0.11723116430684791
4 0.11288130529267282 0.42940310746923754 0.15641573361373776 0.03361173242364174
4 0.11326656572029287 0.47613161352161754 0.15795677532421792 0.060391811915649
4 0.11288130529267282 0.537616489906328 0.15641573361373776 0.06585713426095652
4 0.11365804810381898 0.6923177556696032 0.16075704074237426 0.24485442044040448
4 0.11309398831174047 0.8465520352117207 0.15850080157406018 0.06681485002213662
4 0.11337601820777962 0.8961769246661997 0.1590648613661386 0.04120915899569133
4 0.11309398831174047 0.9381862615064663 0.15850080157406018 0.043609692529418286
4 0.12155488519291806 0.9627917302271933 0.13593840989092 0.011202489824070625
4 0.2763892981184679 0.28424091802633383 0.1579367417819817 0.09282062997087227
4 0.2763892981184679 0.3644587469451265 0.15680862219782465 0.067615027866713
4 0.2752611785343109 0.4530784432319722 0.15229614386119658 0.108824186862402
4 0.2766713280145072 0.5525005404206006 0.15398832323743217 0.09322071889316057
4 0.2769533579105465 0.6197154793650254 0.15568050261366764 0.04200933684026552
4 0.2766713280145072 0.6655256609670289 0.15624456240574625 0.05041120420831859
4 0.275261178534311 0.6977328192112325 0.15455238302951063 0.01640364581381789
4 0.2744150888461932 0.8035563391564727 0.15511644282158918 0.19844410545496827
4 0.2738510290541147 0.911380303713154 0.15398832323743214 0.0244054242595827
4 0.2738510290541146 0.9443876398019342 0.15624456240574613 0.043209603607130304
4 0.4340710284684511 0.8431491389061173 0.15356527839337325 0.025173594990376386
4 0.43441228464265863 0.8770366706239315 0.1542477907417882 0.041633253253314566
4 0.4347535408168661 0.9053569649881048 0.15083522899971327 0.019848411434719822
4 0.4361185655136961 0.9385183353119657 0.15356527839337325 0.05131540517269002
7 0.5140512079285254 0.226243580640013 0.21976897618962746 0.02565770258634501
7 0.4365860563834238 0.2531115522162799 0.1549303030902032 0.02323716460650111
4 0.4378971686291165 0.27772555113753294 0.15130227702896262 0.017141238264828402
4 0.4666165823244288 0.2915130688722861 0.0931629761335742 0.008446407260929939
4 0.4377220502529255 0.31610701942617037 0.1516525137813445 0.04024464636090126
4 0.4363211032433984 0.36541913240542356 0.15095204027657988 0.056889037139791813
4 0.4378971686291165 0.4108806773686635 0.15130227702896262 0.033537205300751154
6 0.46626634557204694 0.4313756361635669 0.07635161201924497 0.0069558648031188145
7 0.43667133999578 0.45733591730377804 0.12293310008603214 0.029065577927317746
7 0.4377220502529255 0.4898794276326551 0.10612173597170291 0.01863178072263956
4 0.4371998472551242 0.5979309746733295 0.15663147945320496 0.18549577306091244
4 0.43556826934415327 0.7349862294571943 0.15430065386610373 0.09192125652572855
4 0.43556826934415327 0.801943259840144 0.15336832363126313 0.043315412247735455
4 0.5957478251077886 0.2938324084527201 0.15060396448496108 0.09882196380519598
7 0.5943376756275923 0.3572465026354065 0.09024956673256078 0.021604801803565152
4 0.5973664383175741 0.44964483562965796 0.15173208406911826 0.16403645813817946
7 0.5957478251077886 0.5434878959605834 0.10660730070283769 0.024405424259582843
4 0.5957478251077886 0.6145036796667465 0.15173208406911812 0.11602578746359037
7 0.5943302392908739 0.6840304259009834 0.1516727754116475 0.022789285511988736
4 0.5937513355679287 0.7496266125773837 0.15225167913459273 0.10758185232686614
7 0.5947644170830828 0.8078316796282741 0.14269976770599677 0.012523841587669721
4 0.5941624729919645 0.8894382851150152 0.15510584815982953 0.1469898444770476
7 0.832180557728709 0.2254311058711553 0.25452615411145785 0.01421803608131775
7 0.8333459705222594 0.2386571859467997 0.2307517331230251 0.009588908054842164
7 0.8314813100525785 0.2571736980527018 0.23634571453206804 0.011572820066188818
7 0.832180557728709 0.277178144167114 0.15569914921836442 0.013887384079426574
7 0.8319474751699988 0.29437204826545166 0.17015026785839227 0.01058086406051551
4 0.832180557728709 0.3204935564148493 0.3095336379670479 0.04100084823449762
4 0.8319474751699988 0.3616597306502925 0.30999980308446823 0.04000889222882428
4 0.8335790530809696 0.4069590549093745 0.30860130773220734 0.04926714828177531
4 0.8335790530809697 0.44052023310132205 0.3104659682018884 0.015209992086991093
4 0.83404521819839 0.45705283319587764 0.3076689774973667 0.015209992086991022
4 0.8328798054048393 0.49557379141619184 0.3090674728496276 0.0486058442779931
4 0.8331128879635494 0.5335987716336694 0.307668977497367 0.02479890014183326
4 0.8326467228461292 0.562365495798196 0.30860130773220745 0.030089332172090835
4 0.8177294390886811 0.5960919999910892 0.22842090753592373 0.034057156194784215
4 0.8319474751699988 0.6417219762520623 0.30999980308446823 0.04265410824395317
6 0.8864887939081685 0.6685047884052421 0.1123457932982808 0.008927604051059888
4 0.7471054237995127 0.6772670664553564 0.09929317001051373 0.009258256052951169
4 0.8328798054048393 0.7101669406435219 0.31186446355414915 0.042654108243953034
4 0.8303158972590279 0.7443894228392517 0.30673664726252636 0.023806944136159844
4 0.8300828147003179 0.7675350629716295 0.3072028123799464 0.023806944136159983
4 0.8307820623764482 0.8020881971692505 0.31046596820188854 0.043976716251517584
4 0.7524663226498457 0.8462302394217136 0.15010516780932137 0.02777476815885322
7 0.7515339924150051 0.8799567436146066 0.1445111864002783 0.03637172020802197
4 0.7531655703259762 0.929223891896382 0.15150366316158212 0.062162576355528645
4 0.9100301323378912 0.8525126274576444 0.15383448874868336 0.04364606424962659
7 0.9104962974553115 0.8859084796486465 0.1342555538170329 0.025790856147506532
4 0.9111955451314416 0.9282319358907085 0.15336832363126318 0.061501272351746364
2 0.4238060427482897 0.9906809287776013 0.2057092218122788 0.01650806902253521
2 0.612247702145669 0.9898821512442527 0.12462675482057754 0.015975550666969554
