3 0.046233416164424404 0.027642507358096764 0.015739035290016815 0.012366384870727503
5 0.47881096421348024 0.023096042332094006 0.07230119336351465 0.0141849708811286
7 0.0907453753440032 0.04764695347250889 0.14509423157984253 0.020368163316492355
7 0.09518212888717797 0.06976729408242313 0.1218533857426512 0.010388629251411138
4 0.09482575507040901 0.11324144910191537 0.14567434836903412 0.07475296265689316
4 0.09558924746228026 0.16710423337281874 0.14475815749878865 0.033875964950253704
4 0.09558924746228026 0.20357735563592524 0.14597974532578262 0.0413286772393095
4 0.0966581368109 0.23192024631097083 0.14628514228253112 0.020777258502822315
4 0.09649474656647584 0.36198278562604275 0.13970134950668892 0.24442592520463388
4 0.09523904877197664 0.591346515287261 0.1421878756314017 0.21823032124813183
4 0.2495157409468324 0.049349180912699894 0.1471458064333678 0.026690154203230166
4 0.2480013758720465 0.08863783447759467 0.1471458064333678 0.052633730666509865
4 0.24762278460334997 0.15228358680837434 0.14689341225423674 0.07876395156477717
4 0.24636081370769505 0.22880780515330001 0.14790298897076076 0.07689750721490096
4 0.24522503990160557 0.2840545579096366 0.1456314413585818 0.035835731517623766
4 0.24371067482681966 0.33519513309624543 0.1446218646420578 0.0694317298153959
4 0.2430796893789921 0.39930749651449415 0.14436947046292684 0.059539574761051955
4 0.24295349228942661 0.4552075047932874 0.1446218646420578 0.052260441796534635
4 0.24345828064768868 0.5196931570815113 0.1461362297168438 0.07596428503996286
4 0.24358447773725417 0.5747532654028603 0.14537904717945085 0.03228948725285896
4 0.24534336229278217 0.6432721278165243 0.14485588452494816 0.10274806009178299
4 0.25328826412259436 0.6997015810318251 0.133400444677312 0.009564314104288343
7 0.4842527996048348 0.04110004383506492 0.22821601170524367 0.013821253679048375
7 0.40211470918505954 0.070924854405643 0.1446023867270295 0.02473276974145498
4 0.401009852339697 0.11335476372785987 0.15051871046357276 0.05226044179653462
4 0.40019644122057285 0.15477115927211524 0.14949181032839043 0.03403405278668821
4 0.39885269461087947 0.2271866803474409 0.1521793035477772 0.11129383684990016
4 0.3990206629370911 0.3034527694387787 0.15184336689535385 0.044716273734334885
4 0.3986847262846678 0.34605744135788113 0.1531871135050472 0.0454615449632405
4 0.39885269461087947 0.39748115615236623 0.15285117685262384 0.05887642708354093
4 0.3975089480011861 0.4575997019507498 0.15016368363323707 0.062354359485100305
4 0.4070831425952515 0.4928758734522806 0.1330309143596463 0.009191678489835481
4 0.5591918218149999 0.09456647254085737 0.155422973488916 0.07856291564932766
4 0.5587646694266899 0.1505992823060047 0.1529508725533806 0.03508915377767323
4 0.5591432606953864 0.1972603910529106 0.15421284344903555 0.06047279693599002
7 0.5578812897997315 0.24028193331755787 0.15471763180729745 0.023330554373452977
4 0.5573765014414694 0.2710782650905158 0.15370805509077343 0.02706344307320542
4 0.5563559427626508 0.37684021599766276 0.15542297348891615 0.1854957730609126
4 0.5568477876154639 0.48286378040404715 0.15247190437203798 0.027278790156016582
4 0.720386201175795 0.08765584570133318 0.15788219775298132 0.12075411109063326
4 0.7194025114701688 0.1724019537860246 0.1559148183417291 0.052375277099551754
4 0.7201402787493885 0.2369617571552638 0.15739035290016828 0.07892663285140791
4 0.7196484338965754 0.3071591771567464 0.1564066631945421 0.0643779447681991
4 0.7184188217645427 0.3695366773135042 0.15493112863610306 0.0611044899494771
4 0.7198943563229818 0.43082302586402144 0.1559148183417291 0.060740772747396934
4 0.7186647441909494 0.4841075959687737 0.1554229734889161 0.04364606424962652
4 0.7201402787493885 0.5272080844152799 0.1554229734889161 0.044009781451706614
4 0.7189106666173559 0.5843116851418746 0.1578821977529811 0.06946998559732215
4 0.7201402787493885 0.6468710438996724 0.15640666319454227 0.05419386310995286
4 0.3996610771969707 0.5564171902724566 0.15253240128893394 0.09246455083003582
4 0.3996610771969707 0.6571115702339615 0.15122311029074567 0.10505134832522395
4 0.5567759969795636 0.5687619339696603 0.15384169228712224 0.12005868380025589
4 0.5590672562263931 0.6583218392238834 0.15842421078078117 0.05518826594044022
4 0.5603765472245814 0.692935532335651 0.13092909981882755 0.00726161393953177
6 0.5849257534406115 0.7016494690630887 0.07266565039944915 0.011134474707281754
4 0.7204373717530979 0.6914832095477444 0.15646027428349882 0.02662591777828254
7 0.8303135257795062 0.029428028168308754 0.05410293380943273 0.007935648045386635
7 0.8808394061139352 0.05092040829123087 0.13816369047202273 0.025129552143724334
7 0.8837457620623758 0.07390072242266299 0.15739035290016815 0.009588908054842183
4 0.8832986303780004 0.10531266260231838 0.15649608953141708 0.04926714828177531
4 0.8850871571155022 0.15309187687558373 0.15649608953141736 0.04430736825340869
4 0.88531072295769 0.18400783905240245 0.1578374845845434 0.016863252096446537
4 0.8855342887998776 0.20566554517627014 0.15917887963767 0.02446824813994212
4 0.8841928937467514 0.2564206274665555 0.15828461626891907 0.07638061243684632
4 0.8846400254311267 0.3612373120660372 0.15917887963766986 0.1332527567621171
4 0.8837457620623758 0.4399324885161212 0.15739035290016815 0.02612150814939767
4 0.8839693279045633 0.4759735567222522 0.16052027469079647 0.04331541224773538
4 0.8837457620623758 0.510196038917982 0.1600731430064211 0.026452160151288807
4 0.884416459588939 0.6118715294994982 0.1560489578470417 0.17359230099283246
4 0.8940297908030118 0.7032968080223899 0.14039934889389982 0.009919560056733303
7 0.1747903482581346 0.7293369057286105 0.2749511096195376 0.021300734222626117
7 0.17217176626175806 0.7537843393250335 0.03927872994564824 0.009198044323406691
7 0.09623288836683815 0.7641926526383622 0.14009413680614533 0.01355501268712544
4 0.0966321780695764 0.8006710753665242 0.13709574785396883 0.05656608627393354
4 0.09940365545206906 0.8755459914972411 0.1441168238896167 0.09099761704937175
4 0.09884935997557048 0.9415210509052089 0.14079105103062564 0.03880378865168382
4 0.10051224640506609 0.9698040940421757 0.14189964198362273 0.015029636449595927
4 0.24832437347133968 0.7880821260606978 0.14707306643094223 0.05055423169409536
4 0.24943296442433677 0.8503868007972046 0.14485588452494821 0.07241552107532556
4 0.2498024947420025 0.9081825845988325 0.14559494516027957 0.04098991758980702
4 0.25238920696566225 0.950265566657701 0.14633400579561098 0.04153644982433761
4 0.2631055861779671 0.9762258477979121 0.1330309143596463 0.008744515752492249
4 0.4000118028188781 0.7642690213969621 0.1471063241595322 0.0773725684425196
4 0.40493025134700844 0.841972241841373 0.148894850897034 0.07737256844251973
4 0.4067187780845101 0.9317203616094852 0.15336616774078854 0.10084886057678827
4 0.5598476313489713 0.7538164286866624 0.1537246121489246 0.05875221521205674
4 0.5620648132549655 0.8258220505860899 0.1515074302429305 0.08361943188320638
4 0.5646515254786258 0.9271745797487786 0.15224649087826272 0.1172311643068502
4 0.7221076581606396 0.8069702849091879 0.15640666319454058 0.16185415492569777
4 0.7243209599982989 0.9148901747132284 0.15198005951922497 0.053102711503712215
4 0.7253046497039253 0.9601729663722159 0.152963749224851 0.037462871814262826
4 0.8846623820153454 0.7599466466270544 0.1588658874586072 0.06983370279940232
4 0.8873675287058169 0.8392369966805425 0.15837404260579405 0.08656469409509242
4 0.885891994147378 0.8997959108268992 0.15542297348891596 0.03309826538930011
4 0.8871216062794105 0.9328941762161993 0.15788219775298118 0.03237083098513978
4 0.8883512184114432 0.9710844824346226 0.15739035290016815 0.04255491264338587
2 0.4997937846891529 0.9927256559583956 0.1888684234802018 0.014548688083208815
