7 0.24845834419199897 0.06627111057261194 0.18412538007085621 0.021830483482742757
7 0.4869339870548551 0.06861009094576294 0.26842374685028453 0.015593202487673414
7 0.4070723764217125 0.12669477021234635 0.7054442272594252 0.14579644325974628
7 0.17136970615028502 0.20427095258852151 0.22738375249714177 0.015593202487673423
7 0.5529307347308547 0.203101462401946 0.2296021305702847 0.013254222114522384
2 0.8607306923794248 0.13098290089645656 0.14863133090057062 0.10759309716494643
7 0.15306808704685645 0.24130480849674585 0.1508497089737136 0.01793218286082439
7 0.3488399520017127 0.2685929128501743 0.5756691099805689 0.027288104353428436
4 0.3512874503355772 0.3280183158230322 0.5785240642529357 0.06513447654852592
4 0.35253966692486927 0.38083005356508026 0.5760196310743515 0.0387286076775019
4 0.3528527210721921 0.4541063396821719 0.5766457393689972 0.10430318204054495
4 0.3509743961882542 0.5210012074887661 0.5741413061904133 0.027726162314575264
6 0.6020438223413139 0.5438862938436536 0.07951575342004631 0.013643032250029066
7 0.261377274683561 0.5709908310360515 0.40014011921469284 0.028806402404753514
7 0.2855678224312486 0.6099995009591552 0.4576282444503741 0.03880862546195957
7 0.37948406662815387 0.67721443990358 0.5202390739149776 0.07961769553536016
4 0.34874784125462116 0.831848808367986 0.5726044949217366 0.20884641743446217
7 0.8583304761704419 0.24209738685040008 0.10303238096695139 0.015443032311403896
4 0.7973443977304449 0.34061328263004553 0.28561182076868163 0.17306846555883662
7 0.8397694957756602 0.4780030183659835 0.20076162467825098 0.058044500756655924
7 0.8503757702869641 0.5301898172114173 0.1643972549252092 0.029288509556110825
7 0.8242388795269653 0.5714599897677552 0.21667103644520666 0.03195110133393925
7 0.8356027450747908 0.6050086461683912 0.19242812327651224 0.023430807644888675
7 0.870451932754789 0.6311020455911083 0.12576011206260262 0.021300734222626048
7 0.8651487954991371 0.6739697732141431 0.08636537816347385 0.012247922178009957
4 0.8071930812052269 0.7200326109705719 0.25985372552694375 0.07774767991258515
7 0.8049203080956618 0.7723484029956841 0.21439826333564171 0.01650806902253521
4 0.8234812884904437 0.810955983774194 0.22727731095651038 0.05857701911222165
4 0.8177993557165308 0.8926975513535215 0.23864117650433614 0.04845917035647417
4 0.8587092716887028 0.9233173567985463 0.1568213445599922 0.011715403822444301
7 0.8488605882139205 0.858083858241754 0.13257843139129777 0.01331295888914127
