3 0.07411399471636329 0.06591671960698299 0.027225549079480382 0.02268102180025221
5 0.14268204424986947 0.06733428346949875 0.09377689127376579 0.018428330212704916
5 0.26620536877714157 0.06697989250386982 0.13310268438857076 0.01771954828144704
7 0.2077208559397393 0.12474561990138718 0.1270525623709085 0.019845894075220673
7 0.19708730815112066 0.17889099425727167 0.2691720952761606 0.018744646115910903
7 0.17375350422625224 0.21462297591572685 0.2241711877067715 0.04451853452528841
7 0.20458745941268552 0.2617774763010653 0.2891724986403335 0.04744738548089948
4 0.20208740899216393 0.3270908526111924 0.2808389972385948 0.06794934217017705
4 0.20375410927251167 0.43340814229987457 0.2808389972385948 0.143513696824943
4 0.20250408406225084 0.5868799323738952 0.2816723473787687 0.15991526217636504
4 0.20458745941268536 0.6928339358617073 0.2858390980796381 0.050821204417013544
4 0.2029207591323378 0.7920515821516132 0.28250569751894256 0.14527100739830956
6 0.272922170906943 0.8813815362977512 0.14250287396973207 0.01815887592478873
0 0.6522031535039972 0.29568784451796987 0.5723415428708546 0.4023046241819736
0 0.6455480192845684 0.7267291264035236 0.5812150551634258 0.41867748679403066
