3 0.07458483754556151 0.06830395840827336 0.024167154065042284 0.022259267262644215
5 0.14291954903981904 0.06859684350383446 0.09416856583964751 0.015815795160299836
5 0.26625536978555203 0.06801107331271224 0.13416937256799333 0.015815795160299836
7 0.19083718209981668 0.11838730974922282 0.2583385434539003 0.054476627774366106
7 0.10875219329269026 0.15616948707660577 0.097501966400343 0.014058484586933186
4 0.2033374342024247 0.2033239874619442 0.2816723473787687 0.05213354700987722
4 0.20417078434259864 0.30759108148169867 0.28167234737876873 0.15757218141187618
4 0.2041707843425986 0.4139083711703809 0.2833390476591165 0.05389085758324391
4 0.49917673396414924 0.12160904580039503 0.27833894681807314 0.05271931720099946
4 0.501260109314584 0.20888880427760523 0.27750559667789937 0.11598249784219879
4 0.49959340903423616 0.3198922554952652 0.2808389972385949 0.10602440459312114
4 0.7975160841463952 0.21533227637994962 0.2833390476591164 0.24016577836010866
4 0.7995994594968301 0.3565028924404037 0.2841723977992903 0.039832372996310636
4 0.22792126333755397 0.557714953090885 0.24583829135129226 0.08493667771272129
4 0.20375410927251164 0.8043242035533379 0.285839098079638 0.25598157352040846
4 0.5020934594547577 0.837420219351743 0.2791722969582471 0.1897895419235981
4 0.7979327592164823 0.7700566473726883 0.2775055966778993 0.050376236436510596
4 0.7958493838660476 0.8564577505632153 0.2766722465377255 0.12008288918005433
4 0.8050162354079602 0.9226497821600259 0.2583385434539002 0.015815795160299757
