7 0.17506183725670302 0.06699840034927015 0.2632508830927865 0.05831342252621662
4 0.44401648948316663 0.1665654675349911 0.6484746753518975 0.10608080055301107
7 0.49666666610172394 0.27574804588194995 0.2816784449092816 0.04032311132131998
7 0.5019316837635796 0.3080065349390059 0.26588339192371435 0.019231022322475724
4 0.21200235660892564 0.3315800461730084 0.12109540622268178 0.01923102232247558
4 0.22077738604535185 0.37469475750888137 0.12987043565910797 0.018610666763686227
4 0.14355712700480114 0.5130340471189484 0.18954063582680625 0.02109208899884429
4 0.5533510016859055 0.5127238693395537 0.1228504121099671 0.019231022322475654
4 0.5020979142478368 0.594676938521358 0.6628651065989467 0.02236577093375736
4 0.5024745421493134 0.6194390420551606 0.44366766793952217 0.022898289289323016
4 0.49607186782421 0.6497925883224027 0.3901865059298346 0.02076821586706046
4 0.29344605682975927 0.6788148387007307 0.20337906679740406 0.021300734222625975
4 0.6557620980503196 0.6820099488341248 0.40073208717118136 0.022365770933757433
4 0.5092538443758936 0.7307353783683819 0.2734318564720655 0.06123961089004979
4 0.5013446584448834 0.7928503596849618 0.5076944111905568 0.04047139502298961
4 0.4998381468389767 0.8418420483970017 0.4459274353483822 0.05325183555656508
4 0.5013446584448835 0.9185246915984554 0.37512138987076776 0.08946308373502938
