4 0.25022268192397085 0.1535170396157975 0.46380389212111744 0.09729642874540013
7 0.2466067472140869 0.22214001750576506 0.05544433221822086 0.014175638625157668
7 0.18200204706415993 0.264666933381238 0.05737283073015902 0.012886944204688788
7 0.3051848895142072 0.25886780848912805 0.038569970238762394 0.014175638625157631
4 0.12993258724183074 0.4296198192012542 0.17501123995838427 0.2667597450370573
4 0.35966497247645907 0.4199546110477375 0.20249234375350242 0.26933713387799507
7 0.25359755431986253 0.5868405384984571 0.05399795833426729 0.01675302746609532
4 0.1024514834467125 0.6905804393462016 0.1460837622793124 0.14304508067204524
4 0.10510316890062747 0.778211659938085 0.14367313913938984 0.028351277250315263
4 0.2545618035758316 0.6622291620958862 0.14753013616326607 0.09278599827375913
4 0.25697242671575427 0.7469608202417148 0.14849438541923507 0.0779660124383669
4 0.40932380915886557 0.6332335376353366 0.14945863467520418 0.039949527034535
4 0.41028805841483434 0.7485716882673011 0.14753013616326546 0.195881551911269
4 0.4131808061827418 0.8729306998425475 0.14753013616326605 0.05283647123922393
7 0.5832032591073741 0.11292316537102788 0.1161920353442715 0.018686069096798708
7 0.6830030571001717 0.16865919905630677 0.2858999043948261 0.0360834437731285
7 0.6844494309841253 0.21634089261365516 0.11233503832039546 0.020619110727502027
4 0.6017650572847782 0.4170550486016825 0.14945863467520365 0.33828228537307986
4 0.604175680424701 0.6084261700413106 0.1475301361632659 0.027706930040080735
4 0.604898867366678 0.7569482020003487 0.14704801153528144 0.25516149525283743
4 0.6109254252164845 0.8980602410416906 0.13981614211551366 0.015464333045626404
4 0.7572502498097893 0.3046164604157732 0.14994075930318843 0.12758074762641872
4 0.7590386911172979 0.629583471776161 0.1520847675238359 0.5137180559564003
4 0.7657766238556958 0.8950187611225815 0.14117573356642993 0.015437270462796703
7 0.9133694362205997 0.4670633188483849 0.07187128254290982 0.032589793199237466
4 0.916577975619837 0.629583471776161 0.15144305964398838 0.138077808028348
4 0.9162571216799132 0.7908171854987041 0.15336818328353075 0.17752861032216188
6 0.9743316848061038 0.8967340133962256 0.04620296734901331 0.02058302728372894
1 0.12096136814632583 0.8589516602766426 0.11690065086709099 0.09374083449213529
1 0.24313078074263783 0.8453086280266134 0.11294907957017522 0.06645476999207701
3 0.2627239884231784 0.9199052075872564 0.031612570375325964 0.012322738806477815
2 0.503605188731001 0.9401466972256788 0.10899750827325945 0.018484108209716653
