5 0.04746554279867263 0.11721045272902857 0.06978377815433989 0.026046767273117465
7 0.04620817742652236 0.18778878985618555 0.06475431666573882 0.09830554099854007
4 0.09021596545178175 0.30121826023911646 0.14522570048335598 0.08150117501588369
4 0.09210201351000714 0.39994391038722293 0.14271096973905545 0.09914575929767296
4 0.09335937888215742 0.48186519455267296 0.14648306585550627 0.04789244305057068
4 0.0955597682834204 0.557484841474627 0.1471117485415814 0.08990335800721183
4 0.0955597682834204 0.6410865622383426 0.14333965242513058 0.05545440774276614
6 0.15402725808840786 0.6759556216523548 0.02891940355945618 0.017644584281789263
0 0.09838884037075848 0.8038090271524865 0.14396833511120571 0.19409042709968177
0 0.32722933810210736 0.7382719998201265 0.30742583349074065 0.32348404516613627
3 0.2552451705465045 0.9163982792362845 0.03143413430375677 0.014283711085257807
6 0.2973669105135384 0.4923679232918333 0.04400778802525934 0.018484802580922093
7 0.1860900750782397 0.1499789663952086 0.040235691908808595 0.03276851366618004
7 0.3941840441691091 0.15922136768566963 0.1471117485415813 0.06973811882802419
4 0.24109981010981393 0.22013719437279916 0.14522570048335595 0.06385659073409446
4 0.24267151682500177 0.3037389151365149 0.1458543831694311 0.09494466780200891
4 0.24424322354018962 0.38986129079762905 0.14774043122765657 0.07225877372542264
4 0.24487190622626478 0.4549782089804228 0.14648306585550633 0.04789244305057082
4 0.3973274575994848 0.33356666475573005 0.14836911391373164 0.23021981396239308
4 0.3995278470007477 0.5028706520309936 0.14899779659980672 0.0915837946054775
7 0.6655408110080288 0.14241700170301322 0.30931188154896594 0.07309899202455547
7 0.9009824769431666 0.11426968868206369 0.10876210469099817 0.03696960516184415
4 0.590758441885014 0.21159084645081636 0.14878666124242465 0.02588200620920038
4 0.5905222725814547 0.26240795620302676 0.14736964542106826 0.06691445507744476
4 0.591230780492133 0.31795957928618857 0.1459526295997118 0.039138643535863944
4 0.5898137646707765 0.3539418806014183 0.14595262959971173 0.025250737765073483
4 0.591230780492133 0.41769999345822884 0.14784198402818696 0.08837758217775736
4 0.5917031190992518 0.48335191164742 0.14595262959971186 0.03661356975935668
4 0.5935924735277269 0.6335938013496073 0.14973133845666234 0.2537699145389885
4 0.595954166563321 0.8017817085441729 0.14689730681394933 0.07070206574220578
4 0.5966626744739993 0.8557551605170175 0.14453561377835547 0.03724483820348354
4 0.5966626744739992 0.8898436564998669 0.14736964542106834 0.025882006209200482
0 0.8316112865621449 0.7550678436787871 0.3207179142336709 0.3080590007338968
3 0.7699710983331403 0.9188820049297013 0.03778708856950473 0.009469026661902405
6 0.7751668230114472 0.2696224101452488 0.09257836699528639 0.012625368882536741
4 0.7461179986736404 0.2093362737311358 0.14973133845666212 0.02588200620920034
4 0.7461179986736406 0.2443716723801753 0.1506760156708998 0.03661356975935657
4 0.9045313907060606 0.3649824269603063 0.15746615238123865 0.46563217701342696
0 0.745929063230793 0.4263675562477322 0.15275430554222255 0.27428613897311094
4 0.7490464980377771 0.5829536938133942 0.14859772579957706 0.027775811541580778
