3 0.076417004048583 0.08138543852583532 0.021255060728744946 0.024928873061967564
7 0.2535425101214575 0.1796345264759428 0.36336032388663975 0.14224121688299146
1 0.10222672064777327 0.7075400736705504 0.14170040485829957 0.08651785356800502
1 0.4271255060728745 0.3871307346093789 0.12550607287449395 0.08211864067471673
6 0.42965587044534415 0.5381703772789471 0.08603238866396758 0.0322608945507816
5 0.5826435162912081 0.07739434422005305 0.10112539030315597 0.0538035548053847
3 0.9248701196335304 0.07946371171256794 0.019996546105143835 0.024832409910177492
6 0.8920186510322226 0.16430777890567433 0.09941140063700118 0.03393762687724257
4 0.8408846259919261 0.1249897965478933 0.20053679094015764 0.04138734985029579
7 0.7266186482482465 0.2603264305583606 0.2736670166961126 0.057114542793408205
4 0.15954988690164418 0.3585770532654088 0.20718360378196288 0.17386420773755837
4 0.15954988690164418 0.4985260455922775 0.20718360378196288 0.09979649592110974
4 0.15712826036393293 0.7417800043999826 0.2077217430125654 0.3290165724899088
4 0.3565088453021595 0.2833398512623846 0.17920036379063284 0.020271163233975358
4 0.3713076741437283 0.4108142815991146 0.20126407224533538 0.23623701768825195
4 0.3702313956825233 0.6107971035035259 0.20556918609015537 0.06861009094576297
4 0.3696932564519207 0.6965597171857297 0.2034166291677453 0.10135581616987693
4 0.368886047606017 0.7721867492509458 0.19964965455352782 0.05145756820932221
4 0.36942418683661954 0.8501527616893125 0.20072593301473282 0.11071173766248123
4 0.5623785821526068 0.11649233383165247 0.06097117482726332 0.020583027283728902
4 0.6316371011311487 0.15036856623612294 0.2018560253989982 0.05403044661978834
4 0.6756096717928125 0.3609157828259331 0.17166641456219792 0.09433887505042403
4 0.675905648369644 0.5281528795062304 0.16989055510120984 0.23670481376288235
4 0.6753136952159813 0.7073967421020361 0.1722583677158606 0.12349816370237306
4 0.6776815078306321 0.8360406626253416 0.17225836771586067 0.1286439205233056
4 0.8561553836599516 0.3283259896266956 0.17048250825487257 0.03602029774652557
4 0.8558594070831202 0.4959918993754039 0.17107446140853524 0.29759626947724677
4 0.856451360236783 0.6932459108444724 0.17107446140853524 0.09691175346089026
4 0.8570433133904458 0.8184593268204899 0.16989055510120962 0.15523033076478868
