7 0.7853569191476275 0.12616688712377602 0.29603774840839664 0.15860980095560415
7 0.7812714725135415 0.1906021187619902 0.05531066212301255 0.013517880763261731
7 0.6194249327785899 0.19150331081287433 0.19170172667635016 0.01712264896679816
4 0.7325603780302065 0.27306119141788665 0.4003737701404429 0.10093350969902083
7 0.7360172944128948 0.3667851647098347 0.36831872731915155 0.052269138951278646
4 0.6297956819266547 0.6890887424449811 0.20364380145290975 0.14779549634499378
4 0.8400390510192424 0.6949464907757278 0.20427233170430786 0.16672052941356216
1 0.6145977209944751 0.9337016574585636 0.15027781265695622 0.0441988950276243
1 0.796665070944249 0.9592541436464088 0.10018520843797077 0.04005524861878456
1 0.8843271283274737 0.9488950276243093 0.05394588146659956 0.03867403314917126
1 0.543793751569563 0.026243093922651936 0.06068911664992456 0.041436464088397795
1 0.9233415604595681 0.04005524861878453 0.05298256215469607 0.041436464088397795
