7 0.7499971075536627 0.09388646288209607 0.4041172800998129 0.10625909752547308
7 0.753541995975591 0.16011644832605526 0.38689925062187586 0.029112081513828266
2 0.7530355833438869 0.20378457059679767 0.38993772641210006 0.05240174672489086
7 0.7525291707121827 0.27729257641921395 0.2349754611106681 0.04803493449781659
4 0.6471953433177436 0.34425036390101893 0.19851375162797796 0.0625909752547306
4 0.8487475707359396 0.335908370711907 0.2005394021547927 0.03426215627097874
3 0.7469586317634387 0.9461426491994177 0.037474534746097986 0.02037845705967982
4 0.6506093399258154 0.4187224643018804 0.1880512031766039 0.08488125549667622
4 0.6501368494655728 0.5511372228766954 0.18994116501757474 0.1799482616529538
4 0.6489556233149659 0.7029049077047526 0.19135863639830297 0.12087090782726718
4 0.6456481900932668 0.851288040369823 0.19230361731878837 0.17247871116924643
4 0.849748033642814 0.42959796306233505 0.19183112685854553 0.14667480949825673
4 0.8485668074922071 0.6007185741436345 0.19230361731878845 0.19964071292818283
4 0.846440600421115 0.7765925355327465 0.1927761077790306 0.14667480949825473
4 0.8471493361114791 0.8954262932280946 0.19230361731878845 0.09506700615627736
