7 0.24317888049074377 0.057516339869281036 0.2584277211815825 0.028758169934640518
7 0.670146419834228 0.060784313725490195 0.20706320517033633 0.030065359477124184
7 0.1603152082608742 0.10386757429154791 0.08306952996973535 0.022114233550416956
4 0.24638916274144662 0.2667247089903038 0.2584277211815826 0.19619451601982427
4 0.6725541315222564 0.09566135846603828 0.5136451601124623 0.034459971834037324
2 0.5473531237448426 0.9562091503267973 0.40770584583926683 0.019607843137254975
3 0.5179563915499619 0.9445624028271262 0.05136466532572911 0.015119344683511145
7 0.24579653346088268 0.1344334199921866 0.1629903266076149 0.03415040214242522
4 0.24647776021766155 0.38458625083911 0.2443196378944575 0.03969682286943943
4 0.24729189626300319 0.43178674144606555 0.24729189626300319 0.055672373536408915
4 0.2437251862207483 0.5225569156902106 0.24610299291558488 0.13070905091156887
4 0.24342796038389372 0.6198625424799341 0.24669744458929402 0.06390220266787822
4 0.24283350871018464 0.6629481185211549 0.24313073454703918 0.024205379798438714
4 0.24431963789445746 0.695625381249047 0.2461029929155849 0.04308557604122072
4 0.24342796038389372 0.7653368750685504 0.24669744458929402 0.09536919640584827
4 0.24431963789445746 0.8292390777364287 0.24729189626300316 0.03533985450572047
4 0.24402241205760292 0.8754713531514464 0.24669744458929405 0.05422005074850261
4 0.24521131540502117 0.9161363912128234 0.24669744458929402 0.0251735949903761
4 0.6768713890522562 0.14686525995668323 0.5074455651026223 0.06513447654852593
4 0.6733587200712476 0.20957919852536525 0.5112284393898623 0.06381418310497466
4 0.6749799519086362 0.26745206113435954 0.5069051544901594 0.04841075959687738
4 0.6751150545617517 0.3413906945966066 0.50587837432648 0.09924205717359864
4 0.6718455703563515 0.45491392585128393 0.5040950193053526 0.1297408357196314
4 0.6733316995406244 0.5686792109039458 0.5070672776738984 0.09778973438569218
4 0.6724400220300606 0.6584811699561532 0.5076617293476076 0.08278239891066022
4 0.672142796193206 0.73279168593736 0.5070672776738983 0.06487041785981575
4 0.6730344737037697 0.7899163822616754 0.5076617293476073 0.04841075959687714
4 0.6742233770511881 0.8455696768859611 0.5076617293476073 0.06390220266787822
4 0.6727372478669154 0.9024523194122921 0.5046894709790619 0.04599022161703331
