7 0.48577598075445994 0.06405228758169935 0.68656338613297 0.05228758169934641
7 0.5060166466192291 0.13202614379084968 0.5165417928689091 0.08104575163398692
7 0.1652198198405285 0.20284821672365042 0.1407600435175283 0.020660483714386616
7 0.4851290096530927 0.20063459346853754 0.4241081830657995 0.03246647440832181
7 0.8201196326996778 0.20801333765224705 0.13070575469484766 0.01770898604090281
7 0.21137814579919847 0.25228580275450413 0.23307669543486825 0.05165120928596654
4 0.20587441029667766 0.4090961614848513 0.24890651323270965 0.2508720615317955
4 0.621598154629059 0.3875754528186805 0.3786629092811515 0.1977256085732762
7 0.6252147613739548 0.2713048003232853 0.40173205117602245 0.040469445936197876
4 0.4790848515429659 0.5974281545974137 0.25693936172136717 0.1779492708974122
4 0.7587740525834126 0.603860350623579 0.25961581340596485 0.19945623843723814
3 0.48109219030641415 0.9432830983633121 0.08163177638022595 0.01620482903905355
2 0.506518481310091 0.9686706638578295 0.3305417830478006 0.025927726462485767
1 0.9350348927899124 0.20027624309392267 0.08725851698496882 0.02486187845303867
4 0.20445868195497624 0.794889502762431 0.2446660378205992 0.16160220994475138
4 0.20274773064154547 0.8984806629834253 0.24808794044746071 0.04834254143646419
4 0.48178305048764114 0.8060197598750343 0.2539055106208297 0.23670481376288222
4 0.7601229826326511 0.8150248343116655 0.25603024292728016 0.22727092625783982
1 0.3356550251057891 0.9552295206302239 0.11501650088636768 0.04748838939427799
4 0.2050103279157775 0.6243757559425055 0.24847076145680957 0.17577791895195474
