7 0.23301004729420483 0.07581699346405228 0.25242755123538857 0.031372549019607836
7 0.6577679460075991 0.08366013071895426 0.27993568181873224 0.028758169934640528
4 0.237864423279498 0.1391616887644765 0.2491913005785225 0.06917305073156908
7 0.18770253809810947 0.5176470588235295 0.10679627167651055 0.015686274509804008
4 0.23867348594371493 0.5884998933274553 0.24757317525009104 0.12079063632811886
4 0.24271879926479556 0.7581326446033985 0.2589000525491155 0.04175548528523418
4 0.6647230046528501 0.1690868515667718 0.5171470944328495 0.10287958548648465
3 0.5355994837109831 0.9369324301496376 0.06796126379414298 0.018945597217060378
2 0.5048551024707771 0.954248366013072 0.33009756700012355 0.02352941176470594
4 0.2394888167504638 0.24488415724959814 0.24478817362756228 0.14246516818283422
4 0.23685668585124275 0.3203694329285625 0.19039080171032624 0.014175638625157597
4 0.23817275130085327 0.40329691888573466 0.24917505845959745 0.15593202487673394
6 0.28862192686925764 0.4869331867741647 0.15178621518841676 0.01417563862515756
4 0.23948881675046388 0.6843289546294846 0.24654292756037638 0.07016941119453023
4 0.2416822591664814 0.7995060184588906 0.2421560427283412 0.042526915875472894
4 0.24036619371687087 0.8409697614374767 0.2447881736275623 0.03898300621918352
4 0.2412435706832779 0.8810159405535469 0.24478817362756225 0.043944479737988755
4 0.666552883917007 0.23774093808263244 0.5086154274261572 0.04054232646795082
4 0.6651052119224353 0.2864696958566118 0.5057200834370139 0.0647117903238446
4 0.6631749825963399 0.35430012667799105 0.505720083437014 0.0678304308213793
4 0.6631749825963398 0.40770684519827255 0.501859624784823 0.04210164671671812
4 0.6636575399278637 0.44201189067115393 0.5086154274261571 0.03898300621918352
4 0.6622098679332921 0.5020457202486966 0.5115107714153003 0.08264397318466898
4 0.6636575399278638 0.5784524124382963 0.5047549687739662 0.07172873144329771
4 0.6795819318681514 0.6377065818914551 0.472906184893391 0.05301688845808954
4 0.6626924252648161 0.714254564413385 0.5028247394478708 0.09745751554795888
4 0.6646226545909114 0.7949493872870949 0.5066851981000616 0.06705077069699569
4 0.666552883917007 0.8725255696632699 0.5105456567522526 0.08654227380658738
