5 0.6268976174069192 0.055854596548368794 0.19039863016559036 0.02753410892165372
7 0.7480199537120937 0.11080414182537107 0.16790120221667848 0.0773538348592213
7 0.7486487971660887 0.16202492436728788 0.11759372589707467 0.025087730224612345
7 0.7480199537120937 0.1986111976115142 0.1603550807687381 0.039722239522302874
3 0.5926956205753118 0.17043501574940162 0.1263975342530044 0.10861846835883168
3 0.9027154433948763 0.1615022633209418 0.12388216043702499 0.11394010810344762
7 0.5769415833292572 0.24469111305104582 0.06283709946006155 0.024346344758420423
7 0.747971884115289 0.24076428325130056 0.16299849108061026 0.02591707667831855
7 0.9012849576099504 0.23958623431137702 0.10488598556491453 0.02513171071836947
7 0.5672561657433078 0.28238867912859994 0.08220793463196018 0.03220000435791089
7 0.6350540888449531 0.334222832485237 0.1431551965142753 0.05890244699617839
4 0.6360124454467573 0.42449152022079417 0.21065380358746 0.07793926939782139
4 0.8633767671072691 0.3425925925925925 0.21571759694293086 0.15993265993265968
2 0.747415899267055 0.9806397306397306 0.14583724863747405 0.018518518518518618
4 0.6375575001519431 0.5129749340865979 0.20923336742017162 0.09788015958844945
4 0.6381291760192114 0.5809208701115895 0.21037671915470818 0.03801171246153381
4 0.6381291760192114 0.6441153420788897 0.21152007088924435 0.09027781709614274
4 0.6392725277537451 0.8028142416057927 0.2115200708892434 0.22902056758074285
4 0.6384150139528455 0.9334795031923158 0.2086616915529033 0.03991229808461071
4 0.8661506708171534 0.6086336861444005 0.20959352321655048 0.37140293953353143
4 0.8651130791180615 0.8723661724822847 0.21305216221352324 0.15178076785890426
