4 0.14163420714423933 0.09148990300935844 0.23449372043748234 0.06650597091428893
7 0.5193254261955443 0.10884298860032944 0.5021292200301289 0.07872055496373513
2 0.8793138985481757 0.148619776955021 0.19634940857965205 0.1507769359622863
2 0.5166302776048697 0.18860482074612456 0.5102583356719618 0.05997756568665537
7 0.21448358962681724 0.237753103739356 0.3576810882406398 0.03415389157156767
7 0.20916839863023426 0.27024095181962765 0.3833190683418045 0.01832647840425576
4 0.10793812280296741 0.3189920456050564 0.1962511323690317 0.0706638297722085
4 0.3064624427906559 0.3114587905906658 0.18385471183696167 0.0469264414223237
4 0.5008695919706431 0.2570131737601528 0.18840163474829053 0.06225836541924923
7 0.4978430596855321 0.37657345972952144 0.1581363118971599 0.01612730099574506
7 0.500112958899367 0.3937087170375006 0.18991490089084742 0.011087519434574773
4 0.4965652895069351 0.4349237294276574 0.1864404645265298 0.07037310070459646
7 0.4973532429491165 0.7503017317420146 0.1431974986138227 0.01207881531189571
4 0.49422666000994364 0.8014457308069445 0.1832177602351516 0.08354500885279342
4 0.4939140017160334 0.8950392600483531 0.16633421236365414 0.011662304439071817
7 0.49328868512819996 0.9154482928167289 0.13256711662065668 0.010829282693423892
7 0.4942266600099499 0.9321087277296886 0.16946079530282054 0.019992521895551788
4 0.4932886851282 0.9610562333909565 0.18634434317431925 0.03540342419003949
7 0.7860998307496311 0.2353143125814325 0.27299321211720196 0.016631279151862122
7 0.9271740668894659 0.2555490355495314 0.062422228380457766 0.012750647349760946
4 0.6895534508545231 0.3199550552919737 0.1831052032493425 0.108300128530921
4 0.8830623588339422 0.2745082894679562 0.18893127789818576 0.017406596882886094
4 0.8834785070231453 0.42158463908228855 0.09321719438148378 0.008870015547659805
7 0.6370321442440425 0.43943933372766514 0.08015421716772131 0.013252618680763533
7 0.7854027164481222 0.4532599217804614 0.3484718803107314 0.012116679936698063
7 0.9064867466376586 0.4648086323451267 0.12335790869074828 0.010980741192632593
7 0.8573141240489502 0.4752214041657266 0.22511397161998317 0.011359387440654416
4 0.691036758647826 0.5026112825887575 0.1836156889728648 0.031303689468709525
4 0.8828952571875844 0.4948440660797845 0.1864580370993796 0.017283841442853404
4 0.8823267875622817 0.6121020228256122 0.14893904182938286 0.012495326184719815
7 0.7865396556987281 0.6393645526831829 0.3530196373131552 0.024612006121417805
7 0.880337143873721 0.65962212695235 0.10402994143044665 0.01060209494461077
4 0.6887628801466141 0.6914284117861824 0.18816344597528883 0.06967090963601379
7 0.6898998193972203 0.7359193459287456 0.18247874972225908 0.017796373657025272
4 0.8831794920002362 0.6920718227621883 0.1870265067246831 0.0550545891711126
2 0.5028958553355285 0.9937002730485373 0.21715369145686536 0.011591497590691517
4 0.1420565549501102 0.13701343344573103 0.23245618082745304 0.02440542425958281
4 0.14145589298414776 0.16461956908361977 0.23245618082745304 0.027606135637888746
4 0.1390532451202981 0.1968267273278233 0.23485882869130265 0.032007113783059433
4 0.5011342171392655 0.32282441339673673 0.18368242919130517 0.06997555250821363
4 0.6907792199225509 0.40028162875174045 0.18368242919130523 0.05325183555656515
4 0.8827207511458391 0.3479099888242096 0.18830752632921588 0.1298288552825348
4 0.6907792199225509 0.5686190428045186 0.1850038855164226 0.10122249733892545
4 0.8840422074709565 0.5521153747601286 0.18830752632921588 0.10078239952440854
4 0.8823903870645599 0.7263941093088871 0.1850038855164226 0.015403423508097376
4 0.8810689307394426 0.7373965546718136 0.14271728311266899 0.010122249733892516
7 0.7850523708580794 0.7609788456137891 0.35444020140261256 0.011572820066188854
7 0.7880308599454964 0.7789993797168546 0.36536132805647475 0.019177816109684328
7 0.7835631263143698 0.7976812178237016 0.37628245471033644 0.014218036081318578
7 0.7808328446509042 0.8102459938955638 0.1047435329074948 0.00826630004727655
7 0.7808328446509053 0.8277705499957932 0.3678434022959888 0.023476292134268703
4 0.7778543555634885 0.8477749961102053 0.3648649132085719 0.013887384079426681
7 0.7805846372269539 0.8641422702038153 0.19161613129048802 0.010911516062406718
7 0.7805846372269539 0.8743924822624396 0.3117485244829702 0.010911516062406718
7 0.787286237673642 0.8857999763276828 0.2606177951489801 0.008596952049168891
7 0.7818256743467111 0.8957195363844163 0.15934916617680486 0.009258256052951027
4 0.7776061481395371 0.9135747444865362 0.36933264683969724 0.026452160151288664
7 0.6649199776655972 0.9375470146236415 0.14892445437084575 0.0102502120586243
7 0.7818256743467111 0.9518901337248435 0.3142305987224843 0.012895428073753124
4 0.7768615258676829 0.9677614298156166 0.33408719263859715 0.016863252096446645
4 0.49730170482394015 0.4959301185226566 0.18557479503692562 0.052259440842680076
4 0.4987111336470055 0.5417744783038103 0.183695556606172 0.040681001853583254
4 0.49800641923547284 0.6038912388263971 0.18510498542923728 0.082300796057634
4 0.4980064192354729 0.6689808417921301 0.18416536621386043 0.047252548306854436
4 0.4989460384508497 0.7005868509245298 0.18510498542923728 0.01533360839096602
4 0.49659699041240757 0.7242131250779569 0.18416536621386037 0.03129307834891023
4 0.4937781327662771 0.862997927555374 0.1832257469984836 0.039742209503115904
4 0.3081825078606704 0.353328392773275 0.18460587890386435 0.03761752468689437
4 0.3074765580369462 0.4068158106874529 0.1838999290801401 0.06841687302428916
4 0.306241145845429 0.4557185927804156 0.18495885381572638 0.03032912927880865
4 0.3058881709335669 0.48240352435518125 0.18566480363945054 0.02257051481213665
4 0.3060646583894979 0.5316589707420836 0.18460587890386435 0.07547015890308181
4 0.3058881709335669 0.5957263174744505 0.18354695416827804 0.05360497267882451
4 0.3050057336539117 0.6870663696048159 0.18601777855131257 0.1290751315819063
4 0.30535870856577374 0.7593625498624409 0.18601777855131257 0.015517228933343858
4 0.30412329637425656 0.7871054743190256 0.1828410043445539 0.03855796280406679
4 0.30412329637425656 0.8230772323008684 0.18637075346317467 0.03338555315961884
4 0.3034173465505324 0.8813843955655546 0.1884886029343471 0.08463943054551253
4 0.3028878841827393 0.9519201012595632 0.18601777855131263 0.057601834676807184
4 0.11275430584522067 0.3929922437385177 0.18792384307536777 0.07760683430529745
4 0.11228449623753224 0.4655921855079896 0.18792384307536777 0.06696718766666798
4 0.11204959143368802 0.5298994615150001 0.18839365268305616 0.06477667218224425
4 0.11204959143368803 0.5890433795944405 0.18557479503692564 0.054137025543614783
4 0.11087506741446697 0.6563234980445968 0.18698422385999092 0.08543010389252398
4 0.1113448770221554 0.7182837931754398 0.1860446046446141 0.042245655771028796
4 0.11064016261062276 0.7647540145235715 0.1865144142523025 0.05570167946106025
4 0.11064016261062276 0.8315647367984947 0.18369555660617198 0.08042321135669937
4 0.11157978182599955 0.9070595573037356 0.18651441425230242 0.07259994176947294
4 0.11157978182599962 0.9637000291152639 0.1846351758215488 0.0419327249875397
