3 0.07819765688508201 0.042752835611558106 0.04987095464609823 0.012074308664251911
5 0.5170620577707464 0.03738647620522393 0.07181417469038145 0.010732718812668374
7 0.1310608688099461 0.0628766833853113 0.1795354367259536 0.016099078219002562
7 0.13255699744932906 0.08031735145589741 0.08478062289836696 0.013415898515835467
4 0.12816835344047234 0.1116378201868973 0.18252769400471938 0.05459139835249864
7 0.08328449425898404 0.5351391164263012 0.0787961083408352 0.0067079492579177466
4 0.3186155550429902 0.16489318998345862 0.18344531957020668 0.21972466219437403
6 0.3998613588595319 0.318486695833285 0.024525023799734102 0.012828534882979099
7 0.32015503151039604 0.3407075508984452 0.12535012164308554 0.01603566860372382
6 0.342295677996267 0.6078159736404735 0.14101888684847108 0.022449936045213406
4 0.29267896071543814 0.38298475191816317 0.1344355421969215 0.03186577662720227
7 0.31777065419653294 0.6364510961471231 0.11785636437094446 0.012828534882979099
7 0.5096263728784152 0.07009877989627843 0.1716751665981387 0.033903985047873224
7 0.5120107501922782 0.09529768770213014 0.1355688815596414 0.011912210962766264
7 0.8003789511152303 0.059029953469676016 0.2644158015336127 0.023611981387870403
4 0.7021830414170631 0.09887517206170734 0.18871169238083568 0.025087730224612307
7 0.702183041417063 0.12027353019446489 0.08118991416384773 0.010330241857193308
4 0.7010858804148483 0.14106370264619958 0.18432304837197883 0.01796836351560061
4 0.709863168432562 0.3231889952464762 0.17554576035426556 0.02213623255112843
4 0.8936376363034342 0.09592367438822354 0.18980885338304987 0.023611981387870403
7 0.8958319583078622 0.11805990693935203 0.05595521111292229 0.01180599069393521
4 0.8936376363034352 0.13526513360022097 0.1788372433609081 0.015225718444093267
6 0.9331354323831438 0.32355793245566167 0.11300758322805876 0.021398358132757523
7 0.7959903071063736 0.3652478370936204 0.3653546137373156 0.030990725571579888
7 0.8014761121174445 0.4073066789407646 0.3083022416221793 0.016233237204160957
4 0.7032802024192771 0.43829740451234445 0.19090601438526392 0.03541797208180562
4 0.7241262614613462 0.4726085649665937 0.14482525229226936 0.027301353479725208
4 0.7032802024192768 0.5198852911246895 0.18651737037640725 0.06282485232624149
4 0.8963805388089693 0.45822001380836014 0.18212872636755065 0.06936019532686935
4 0.893637636303434 0.5135605951861814 0.18322588736976486 0.032466474408321705
4 0.8969291193100765 0.5681633021456318 0.18761453137862147 0.06936019532686935
6 0.9380726568931075 0.6150183277121871 0.10313313420813117 0.028777102316466952
7 0.6873713678871718 0.6539368977840242 0.15689402331662514 0.014757488367419
7 0.7043773634214913 0.670170134988185 0.15140821830555432 0.013281739530677185
4 0.7043773634214907 0.7010109842659673 0.18871169238083568 0.041021214841175845
4 0.7032802024192768 0.863221356071749 0.19090601438526383 0.0555347027369399
6 0.7663669600465914 0.9749122697753876 0.03840063507749562 0.01180599069393523
4 0.8963805388089723 0.6583349944262064 0.18871169238083582 0.019126435141548742
6 0.8256136541661562 0.976019081402944 0.047177923095209025 0.015495362785789836
6 0.9380726568931075 0.973805458147831 0.09435584619041776 0.018446860459273465
2 0.5041454805174069 0.9926212558162902 0.22052936144504634 0.013281739530677185
4 0.29733246417866066 0.42029050406899077 0.14005377667527774 0.033598426121931764
4 0.31142324049050263 0.45877075278983553 0.16823532929896168 0.03244976198101085
4 0.2875116200825284 0.49667666944022004 0.12212006136929705 0.03302409405147131
4 0.29711896756787515 0.5348697521258345 0.1430427292262745 0.03187542991055061
4 0.2939165184060929 0.5727756687762191 0.13151391224385844 0.03244976198101078
4 0.7045293278027155 0.7622655274516922 0.1855285547725859 0.08181360343707965
4 0.7038247889871235 0.8159655760397367 0.18411947714140184 0.02495472846150321
4 0.7049990203464437 0.9306309739071499 0.18646793986004237 0.07928654232705347
4 0.7044322167343333 0.5891392340447275 0.18574205138337135 0.07696049744168959
4 0.6880616575634164 0.17012716774792933 0.1559118750439451 0.03085254923960667
4 0.6946381872720602 0.2089625444131685 0.16649848384322524 0.03301007016545327
4 0.6928737524721801 0.24736641689323832 0.16232800158896332 0.033010070165453306
4 0.6846931911272819 0.2852309091418465 0.14660849155366848 0.032362813887699356
4 0.8920176841969174 0.1578560310641385 0.18072829697568507 0.02369751555926534
4 0.892301848185873 0.1870957075203288 0.18243328090941802 0.030959657424201516
4 0.8840610925061643 0.22283308985567252 0.1614051457267125 0.032106311402875606
4 0.8837769285172087 0.2570416002194507 0.16083681774880162 0.03095965742420148
4 0.8832086005392977 0.2923967645619031 0.15970016179297958 0.03210631140287564
4 0.32073248436618274 0.29811703904351544 0.18457246741827502 0.04578589336845806
4 0.12613102333174422 0.1722819958938642 0.18295928659110153 0.06571760615276104
4 0.1282101061339158 0.25291423606711005 0.18157323138965378 0.0918182156886094
4 0.12855661993427778 0.3354108054929164 0.18503836939327314 0.07503925241556403
4 0.1278635923335539 0.4262968565552455 0.18226625899037763 0.1067328497090942
4 0.12855661993427778 0.50273435591023 0.18503836939327314 0.04893864287971567
4 0.5108365727015978 0.11517337759185729 0.18424104985428444 0.014950478758196582
4 0.5123522668960114 0.19094512220726279 0.1812096614654571 0.1347808312291966
4 0.5118470354978735 0.3275381326798772 0.18626197544683598 0.1365930104726144
4 0.5112899790628143 0.41108119596512727 0.18575234493155038 0.03045853786425198
4 0.5112899790628143 0.5415231950794237 0.18575234493155038 0.23219117270429748
4 0.5116181634178169 0.7401658333245453 0.18378323880153397 0.16421124761596714
4 0.5126027164828251 0.8567565864210178 0.1831268700915284 0.07106992168325461
4 0.5103054259978059 0.9315786468266802 0.18378323880153388 0.07945705529804868
4 0.5142436382578388 0.9748385991556177 0.1706558646014242 0.01147713020971807
4 0.3199585000962173 0.6658389396632067 0.18640871364155584 0.04061138381900264
4 0.31897394703120907 0.728080299646678 0.18575234493155038 0.08475419231791846
4 0.31798939396620085 0.7856866647377632 0.18378323880153388 0.030458537864251838
4 0.318973947031209 0.8159244885595206 0.18443960751153934 0.03001710977926294
4 0.3183175783212036 0.8660265762057903 0.18575234493155027 0.06930420934329788
4 0.31921892183659467 0.9388610998950071 0.18492955712231063 0.07548642320113487
4 0.12720534090602034 0.6644514381472084 0.18389172949740254 0.2382252392544799
4 0.12584920720766193 0.8298957658683517 0.1833492760180592 0.09120414979114827
4 0.12422184676963184 0.9275839050658281 0.18660399689411944 0.10251346436525097
4 0.8949481879636232 0.7472603499394573 0.18266741199452455 0.15781054038362413
4 0.8949481879636234 0.8861336254770467 0.1797793896705005 0.12479171962643519
4 0.8942261823826172 0.9555702632458414 0.17833537850848827 0.020879548419987088
