5 0.5133165842335149 0.0160769031801334 0.06463294351513511 0.014413775264947186
7 0.13668994135295484 0.04878508551212894 0.1668228677214976 0.019957534982234574
4 0.13485226955355095 0.11304315461953224 0.17902801302799015 0.09769616044252043
6 0.1796382809895709 0.28455252248542356 0.07152710665776325 0.012495326184719886
7 0.13255482151255213 0.3016294682712074 0.14436663729089833 0.019159500149903794
7 0.1292737615741226 0.31641560425645926 0.03937271926115411 0.00957975007495186
4 0.13025807955565144 0.4336634149564139 0.1752086007121357 0.2265819148162535
4 0.13078345107564165 0.6147427605203183 0.17554045433263904 0.12378931610623913
2 0.13543352933610997 0.9516692255967024 0.16391525868147214 0.03025285115320898
7 0.4219946021374071 0.050355623556586716 0.13950234781401882 0.02361198138787041
7 0.4129378116752856 0.06697284521681714 0.22160278824152896 0.015119344683511038
7 0.42015614353983055 0.07957229911974299 0.27790577678497924 0.014661182723404647
4 0.41368258724682005 0.16751525728575425 0.3695649697506374 0.1482486761598299
7 0.4158579375280753 0.6319775111678773 0.14603551561798128 0.014025712084737095
7 0.4048091978596096 0.6453934096837127 0.14315323570446836 0.010366830671327563
4 0.41441679757131894 0.670090859224228 0.3756571487278332 0.03780844127190008
4 0.413456037600148 0.715521970107398 0.3718141088431494 0.03841825484080161
0 0.4144167975713174 0.8545287222486305 0.36028498918909757 0.2336200800259843
7 0.797279646082934 0.0414673226853096 0.20560263383057872 0.0256121698938677
4 0.7867112864000531 0.08110520466391435 0.35163814944856125 0.05122433978773546
0 0.7876720463712248 0.2018482913064335 0.34395206967919256 0.18416369780828673
0 0.7924758462270793 0.40278186225951457 0.35548118933324363 0.1859931385149916
0 0.7934366061982502 0.5991418314458337 0.35740270927558543 0.1835538842393853
0 0.7915150862559084 0.7524156910259455 0.35548118933324363 0.10488793385107713
0 0.7948777461550065 0.8941973457955703 0.36028498918909835 0.16038096862112383
2 0.5047282348613862 0.9909900035889769 0.24115075276390313 0.017349194174247486
4 0.13334152093196622 0.22245469404271007 0.18216054772126508 0.12117074810642418
4 0.13006263107298324 0.7036690581829174 0.17997462114860988 0.05318563371083514
4 0.13115559435931087 0.78344750874917 0.17487412581241452 0.10637126742167012
4 0.13115559435931085 0.8565199446301435 0.1777886945759547 0.042548506968667965
4 0.1340701631228511 0.904387014969894 0.17778869457595473 0.05133569862524242
4 0.21932129945640316 0.9277424454255225 0.007286421908850613 0.0018499350855942964
6 0.20365549235237437 0.9265862359970259 0.04444717364398869 0.012487061827761324
0 1.0093822984184027 0.2854625731892162 0.006254865612268503 0.04717334468265367
4 0.41350444332727193 0.26686030439783465 0.3665070220151855 0.04994824731104508
4 0.4156903698999271 0.3068651506238106 0.3694215907787256 0.03098641268370379
4 0.4160546909953696 0.36721928279132343 0.37160751735138087 0.09064681919411882
4 0.4149617277090421 0.4715093732416999 0.373793443924036 0.11700839416383708
4 0.4145974066135995 0.5711746259780908 0.37306480173315093 0.08047217622335047
