2 0.18277164771076407 0.11503301413371311 0.24601292162465024 0.1446921286212006
2 0.8354316292203703 0.12445740565310169 0.2451732870798561 0.1469096325081156
7 0.5117525122022724 0.0956298551232073 0.3501276051791097 0.10034205088290157
7 0.5100732431126843 0.1762915590097387 0.32661783792487703 0.03880631802101167
7 0.21913987334155366 0.20789098939827674 0.2921928215883218 0.015522527208404711
7 0.5226677612845948 0.2109400572427848 0.20235192529536086 0.011641895406303462
7 0.8480261473922808 0.21482068904488594 0.21494644346727113 0.014968151236675916
7 0.1662476398692176 0.23699572791403548 0.22670132709438764 0.019403159010505853
7 0.16372873623483547 0.2669320303873873 0.22838059618397563 0.018294407067048334
4 0.5114137681927262 0.42863140276828504 0.43813657155615643 0.033262558303724245
4 0.16135486839874497 0.30914817396613353 0.22767864866080578 0.05620484466429352
4 0.3938594063524104 0.4719307396103347 0.2249913757950195 0.03040534910629225
6 0.43223541468914123 0.94607762945663 0.12220906208954169 0.011637921700007894
4 0.3303945296145232 0.9577155511566378 0.09949071080366532 0.012155162664452775
7 0.6263195598211909 0.4759304759249372 0.21927645963215944 0.033445823087766724
7 0.6287482547854713 0.4958605211895653 0.07563650031615615 0.009163239202127827
4 0.6256415106248081 0.5681504431594167 0.21903783848810218 0.13235445407371554
4 0.8513201645577932 0.27041353824715764 0.22352481389571563 0.08069635754006638
4 0.847144531120247 0.956093423039084 0.12838012189900694 0.00975701710242589
2 0.49848628639452686 0.990547889682025 0.38052237570065367 0.017684593498146627
4 0.16500478930430681 0.3703120712432134 0.22105112479442401 0.06402563830187041
4 0.16344074832698774 0.4310675828576227 0.2231365127641827 0.05748538492694813
4 0.16422276881564726 0.4768493564820783 0.22574324772638113 0.03407816232196325
4 0.16604748328918614 0.55102959870817 0.22105112479442401 0.11772456074860024
4 0.16526546280052665 0.6467238322991374 0.22157247178686373 0.0722870109859825
4 0.1650047893043068 0.7594571470510866 0.22209381877930334 0.15317961851791564
4 0.16291940133454808 0.9000725946119147 0.22417920674906205 0.12805127660374083
4 0.39695214548546326 0.5716176634448082 0.21907000622315334 0.16774028787366346
4 0.3963786637937796 0.6857795072233853 0.22136393298988782 0.06361256966766476
4 0.39494495956457043 0.7336782575981448 0.21964348791483676 0.03067034608976698
4 0.39179081026031043 0.8461361932606232 0.2225108963732551 0.19500281773123418
4 0.6226263956483997 0.7384762689585749 0.21849652453146967 0.20977002140408502
4 0.6203324688816652 0.8640659969601688 0.2184965245314695 0.0454375497626178
4 0.6197589871899815 0.9019306217623501 0.2184965245314696 0.03104899233778852
4 0.6194722463441397 0.9261639816357462 0.21907000622315315 0.0166604349129598
4 0.6177518012690887 0.9502080183851314 0.2167760794564188 0.03142763858581063
4 0.8530166424214812 0.338000240377852 0.21574381241138824 0.05539594608559142
4 0.8530166424214811 0.37652749611407155 0.21826713185479632 0.024157630623791754
4 0.850808737908499 0.44233621402026274 0.21637464227224015 0.10662678344294285
4 0.8536474722823332 0.5264714103307098 0.21826713185479604 0.06164360917795122
4 0.853962887212759 0.603525921803149 0.21763630199394413 0.09246541376692698
4 0.8520703976302032 0.6778731126022322 0.21763630199394413 0.05456292433994335
4 0.8498624931172211 0.7401414880894195 0.2170054721330922 0.06747476139748755
4 0.8476545886042389 0.8015768418309586 0.21763630199394413 0.05539594608559142
4 0.8463929288825349 0.858430575971434 0.21385132282883204 0.056645478704063376
4 0.8445004392999789 0.9125769894385536 0.21511298255053604 0.05414641346711946
