3 0.11449771551975178 0.032279592643859635 0.01743127769294537 0.011245793566247872
5 0.4931438031831759 0.03623644593568759 0.06714269926171547 0.014994391421663837
7 0.2694424061237105 0.0622683754871873 0.1956176718874979 0.021242054514023768
7 0.25749875288965535 0.08142787563709109 0.1058788719127051 0.012911837057543875
7 0.6097818859227582 0.050606071048115424 0.18916164311233288 0.014577880548839826
7 0.6107502902390329 0.07143161468931519 0.16656554239925575 0.02457414149661572
7 0.8414205651956234 0.7530507035026531 0.03437189719897816 0.009071606810106658
6 0.913679667261657 0.942042512046541 0.06171317906180164 0.013103432059042887
2 0.5015220903560551 0.9925991869704828 0.2235600046937283 0.01480162605903459
4 0.15534686784896914 0.13216555365171018 0.2180536892051567 0.07815410953789863
4 0.15371612444679383 0.1813124648418887 0.21479220240080607 0.02855630925423217
4 0.15208538104461852 0.21197292319906436 0.21339442234179867 0.04238357478786042
4 0.15100614015140493 0.3248884275906837 0.21519150157099592 0.19044232700920358
4 0.1500759175221355 0.4539171050286421 0.21333105631245708 0.07321627277874838
4 0.14852554647335311 0.5041282647758165 0.21643179841002186 0.034407647316788824
4 0.15100614015140493 0.5371356008645966 0.2102303142148923 0.029206491327041704
4 0.15379680803921325 0.5711431592590972 0.21085046263440524 0.03880862546195949
4 0.15627740171726504 0.5973489836689772 0.2096101657953793 0.015203379046953102
4 0.15689755013677803 0.6119522293324979 0.20836986895635343 0.014803290124664841
4 0.15813784697580394 0.649960676949881 0.20961016579537933 0.062013782954677694
4 0.15968821802458633 0.7407808623093121 0.2114706110539182 0.12122694345333769
4 0.1603083664440993 0.8462042933322641 0.21519150157099595 0.09202045212629571
4 0.1587579953953169 0.9162198547327065 0.22449372786369032 0.04801067067458917
4 0.38010478010418836 0.11592154026827547 0.2203864848812559 0.05697946404552468
7 0.3776285274650734 0.14627508653551755 0.018984603566550077 0.009052812044616072
4 0.3788666537846311 0.1659782656914466 0.2179102322421408 0.0346136931117673
4 0.3780412362382593 0.2125736218034411 0.21956106733488426 0.06603227609014073
4 0.3780412362382593 0.273813232693491 0.22121190242762773 0.06496723937900949
4 0.37597769237233 0.31561592360539464 0.22368815506674294 0.027158436133848232
4 0.37721581869188753 0.34969709836159624 0.22121190242762773 0.04845917035647439
4 0.37597769237233 0.3819144588733181 0.22038648488125592 0.01917066080036342
4 0.37639040114551575 0.3957599361180252 0.22451357261311464 0.01917066080036342
4 0.37597769237233 0.4149305969183885 0.22368815506674294 0.02662591777828254
4 0.3768031099187017 0.45859710207477195 0.22038648488125595 0.06496723937900946
4 0.3746201307448526 0.5041529939784221 0.2202562517223805 0.031152337368253243
4 0.37631440960425555 0.5262875494769179 0.21856197286297757 0.017489031504984424
4 0.37652619446168095 0.5426835165128406 0.21898554257782835 0.01584943480139202
4 0.37800868846365854 0.5690536968289497 0.21432627571447024 0.03907705476894925
4 0.37843225817850923 0.6230237549888622 0.2126319968550673 0.06995612601993713
4 0.383726879614144 0.7089659488688269 0.21983268200753003 0.10192826173998797
4 0.385844728188397 0.7720904219571271 0.21729126371842536 0.025413748905680506
4 0.3873272221903746 0.8041991907358093 0.21432627571447022 0.03880378865168382
4 0.3871154373329493 0.8345317297522663 0.21559698485902254 0.022407821615761207
4 0.39029221019432975 0.8528405596090468 0.2160205545738732 0.0125702413942075
4 0.3888097161923521 0.8798939052183194 0.21644412428872392 0.03989685312074556
4 0.38944507076462825 0.9159650326973495 0.2185619728629775 0.02951274066466084
4 0.33438100783403313 0.9348203947886607 0.0982681738453698 0.008197983517961518
6 0.4468387671269024 0.935640193140457 0.10208030127902631 0.011477176925145898
4 0.6069223471746682 0.09176529923434608 0.21773583689021087 0.019648059671147137
4 0.6067473183668786 0.11559139458269119 0.21878600973694823 0.03477932401559377
4 0.6074474335980368 0.17306761511495494 0.2229867011238977 0.08694831003898447
4 0.6060472031357204 0.26204848305095463 0.22508704681737235 0.09417518256170532
4 0.6039468574422456 0.32031514276539097 0.22228658589273928 0.025971573128527794
4 0.6048220014811935 0.3471900749592589 0.22123641304600197 0.03184340705323848
4 0.6036913153828729 0.4340809089224449 0.22449194887088786 0.14264491321252834
4 0.6036913153828729 0.5241220945613877 0.22195053058178352 0.03907705476894925
4 0.6053855942422759 0.5584169922781927 0.221103391152082 0.02951274066466105
4 0.6064445185294027 0.6332919084089069 0.21729126371842547 0.11695789818958255
4 0.6086215834779239 0.7389092627319761 0.21686769400357478 0.0926372137529637
4 0.6103158623373268 0.8129643805108941 0.21432627571447022 0.053286892866749154
4 0.614742165857517 0.8629720799704584 0.21470748845783597 0.046181973817849234
4 0.6139162049135595 0.8939877842800799 0.2139027059996199 0.0158494348013931
4 0.614975129200685 0.9225440935343113 0.21771483343327616 0.04126318370707239
4 0.8380904764983079 0.05651143305048056 0.22317888275485046 0.046291280264755354
4 0.8373915864688041 0.08566892776269658 0.22084924932317138 0.02284504740338576
4 0.8385564031846436 0.10986664244654597 0.22504258950019376 0.034568163834070555
4 0.8371586231256362 0.14984547540247103 0.22317888275485076 0.050800171199634134
4 0.8383234398414757 0.197639719312186 0.22271295606851468 0.04959780028366648
4 0.8385564031846435 0.2618162669519604 0.22504258950019362 0.08296359320176926
4 0.8394882565573153 0.31742592181546525 0.22690629624553693 0.03306520018911094
4 0.8383234398414757 0.3531964565655034 0.22923592967721604 0.04027942568491696
4 0.8385564031846435 0.3933255858859244 0.22783814961820867 0.0405800184139089
4 0.8383234398414757 0.44277308980509494 0.2292359296772159 0.05831498942443204
4 0.8390223298709794 0.48741111006039484 0.22970185636355198 0.03156223654415143
4 0.837391586468804 0.5150656411276513 0.22737222293187273 0.024348011048345414
4 0.8397212199004832 0.537910688531037 0.226440369559201 0.023145640132377708
4 0.8387893665278114 0.5625592923083742 0.22457666281385769 0.02494919650632923
4 0.8408860366163224 0.6192210217233507 0.23063370973622355 0.08777307686564001
4 0.8406530732731547 0.6752815656803434 0.2273722229318726 0.0243480110483452
4 0.84228381667533 0.6954212785228019 0.22783814961820853 0.016532600094555504
4 0.8408860366163228 0.7113526931593736 0.22597444287286536 0.014127858262620236
4 0.7619114632824037 0.7235266986835461 0.06895714957769897 0.00901778186975747
6 0.8940016788586044 0.7251799586930017 0.12719798536967475 0.008717189140765668
4 0.8432156700480017 0.7854488008558812 0.23342926985423815 0.04268416751685223
4 0.8378575131551399 0.8299365247466852 0.17146102057157606 0.034267571105078505
4 0.8455453034796807 0.8733721740860173 0.23156556310889514 0.04238357478786042
4 0.8413519633026584 0.9162066379673655 0.17751806749394164 0.034267571105078505
