0 0.5116243340594051 0.04717558052172696 0.9406707054285203 0.008153804040792316
0 0.3536491010866766 0.4036133000192196 0.6247202394830631 0.00815380404079228
0 0.8266772134538809 0.22597685484481558 0.3105649466395687 0.009318633189476948
0 0.5143170937123493 0.5497993581791389 0.30697460043564306 0.01397794978421537
0 0.8275748000048623 0.7536386350532037 0.31236011974153155 0.010483462338161473
0 0.8230868672499554 0.8363415046098115 0.30697460043564306 0.00815380404079221
0 0.8266772134538809 0.905648838956546 0.3105649466395687 0.009318633189477055
0 0.8275748000048624 0.9510771757552462 0.3159504659454572 0.006988974892107507
1 0.3560169344081657 0.2271317829457363 0.019115003189700212 0.3426356589147285
1 0.3560169344081656 0.6883720930232559 0.0143362523922751 0.551937984496124
1 0.6690251116395057 0.5170542635658915 0.0143362523922751 0.9255813953488372
