0 0.3380966189178217 0.5178294573643412 0.618848228266543 0.01240310077519375
0 0.8111929478629009 0.42093023255813955 0.30822942643391515 0.010852713178294521
0 0.8088035724641884 0.6426356589147286 0.30822942643391527 0.013953488372092976
0 0.8076088847648322 0.7992248062015505 0.31061880183262774 0.013953488372092976
0 0.8051978526459851 0.9194858890465929 0.3075127477441953 0.008751533799283208
0 0.8119415532544104 0.9439901836845863 0.31830266871767576 0.0070012270394268225
0 0.49460070753349183 0.041860465116279076 0.9461926578901583 0.009302325581395352
1 0.3380966189178217 0.2790697674418604 0.016725627790987616 0.4527131782945736
1 0.33690193121846546 0.7387596899224806 0.0143362523922751 0.4232558139534883
1 0.6534941715478745 0.5069767441860464 0.01672562779098769 0.9116279069767441
