0 0.17394379844961236 0.37364341085271313 0.29510465116279067 0.00620155038759691
0 0.49424031007751934 0.4503875968992247 0.30710077519379836 0.013953488372092976
0 0.8193352713178294 0.2728682170542635 0.304701550387597 0.00930232558139533
0 0.8121375968992247 0.5364341085271317 0.3094999999999999 0.015503875968992276
0 0.4942403100775193 0.04496124031007751 0.9452945736434107 0.012403100775193798
0 0.5026375968992247 0.6441860465116278 0.9332984496124029 0.007751937984496067
1 0.33589147286821697 0.7992248062015502 0.014395348837209311 0.2899224806201551
1 0.6525891472868216 0.7992248062015502 0.019193798449612415 0.2930232558139534
1 0.33469186046511623 0.3457364341085271 0.011996124031007796 0.5798449612403099
1 0.65018992248062 0.3449612403100774 0.014395348837209382 0.5751937984496123
