0 0.501437984496124 0.04186046511627906 0.9404961240310077 0.012403100775193803
0 0.3382906976744185 0.40775193798449605 0.6285968992248061 0.01240310077519382
0 0.49663953488372087 0.33410852713178285 0.30710077519379836 0.013953488372093047
0 0.8145368217054262 0.24883720930232556 0.30470155038759683 0.010852713178294558
0 0.4978391472868216 0.6434108527131781 0.9332984496124029 0.01240310077519375
1 0.3382906976744186 0.2232558139534883 0.019193798449612415 0.3441860465116278
1 0.656187984496124 0.3434108527131782 0.011996124031007725 0.5844961240310077
1 0.33949031007751934 0.5248062015503875 0.0167945736434109 0.2124031007751938
1 0.33589147286821697 0.8015503875968991 0.019193798449612415 0.2945736434108527
1 0.6525891472868216 0.8015503875968991 0.014395348837209242 0.297674418604651
