0 0.27500414677098883 0.09541984732824428 0.2698153892847438 0.005452562704471102
0 0.508498233652017 0.047437295528898596 0.9374355191816096 0.011995637949836435
0 0.7549642142486579 0.5921483097055616 0.4583402446183145 0.013086150490730617
0 0.7523698355055353 0.6079607415485277 0.46352900210455966 0.011995637949836394
0 0.7515050425911611 0.638495092693566 0.46525858793330804 0.014176663031624983
0 0.750640249676787 0.7857142857142857 0.4600698304470631 0.018538713195201808
1 0.280192904257234 0.5659760087241 0.013836686629986928 0.8266085059978187
1 0.5162813698813848 0.5697928026172301 0.012107100801238817 0.8276990185387132
1 0.7566938000774063 0.3696837513631406 0.015566272458735405 0.42748091603053434
1 0.7601529717349029 0.7121046892039259 0.015566272458735285 0.12431842966194125
1 0.7584233859061547 0.88113413304253 0.015566272458735285 0.16357688113413305
