0 0.5037515291195216 0.05024813895781637 0.9405985582778567 0.008684863523573201
0 0.5145743158779489 0.673697270471464 0.47029927913892844 0.017369727047146455
0 0.5135904261726373 0.6935483870967741 0.4722670585495516 0.014888337468982655
0 0.5175259849938836 0.7251861042183623 0.46439594090705905 0.013647642679900826
0 0.5194937644045067 0.8598014888337469 0.46439594090705894 0.014888337468982655
1 0.27450522778192676 0.5998759305210918 0.013774455874361956 0.7580645161290324
1 0.5106387570567026 0.413151364764268 0.017710014695608223 0.49875930521091816
1 0.5194937644045067 0.7903225806451613 0.01574223528498507 0.1116625310173697
1 0.749723955447413 0.5620347394540943 0.01574223528498493 0.8064516129032259
0 0.5263809923416877 0.8957816377171216 0.16726124990296617 0.012406947890818856
