0 0.4802204876586307 0.04052886904531549 0.9212393028553323 0.00860471967403648
0 0.5865834148557532 0.4453214447556595 0.22951276247668595 0.010418278962500267
0 0.8229541284024597 0.35126753745531014 0.22676958204867773 0.008681899135416843
0 0.4759418042594226 0.5827848477330931 0.9262805911907687 0.00752431258402801
1 0.23499912333270245 0.7858464879930506 0.009143934760027329 0.3947370140236203
1 0.46999824666540474 0.7841101081659673 0.012801508664038223 0.3877914947152869
1 0.7063689602121113 0.7817949350631893 0.015544689092046583 0.38547632161250894
1 0.23184949500461108 0.31238659615445075 0.013387634882156014 0.5292468349151853
1 0.4655245765840617 0.3104606615295775 0.01338763488215598 0.5269357133653375
1 0.7046764178880306 0.31354215692937476 0.01217057716559637 0.533098704164932
