0 0.3687927690139638 0.45889438505613456 0.6989040556998838 0.013305023321489742
0 0.48704860117780596 0.6262193214995619 0.9429487453035429 0.015178076785890582
0 0.4884644401347166 0.03482029380292509 0.9457804232173643 0.016070904832119176
1 0.24625598687090933 0.24753067214400992 0.0159561114603181 0.419917623545649
1 0.48559765877568084 0.24753067214400992 0.0159561114603181 0.419917623545649
1 0.7238755899164291 0.3310446404050864 0.01595611146031809 0.5842623803646322
1 0.24625598687090935 0.804798676594594 0.020211074516402937 0.3461301817085549
1 0.4866613995397021 0.8034570867430104 0.020211074516402937 0.3461301817085549
1 0.7238755899164312 0.8001031121140514 0.020211074516402937 0.3461301817085549
1 0.2484612460971369 0.5442490728941676 0.013810440381385522 0.16433247164146778
1 0.4844396404399421 0.5431131341501021 0.013810440381385522 0.16433247164146778
