0 0.49535563031597024 0.03664173367899503 0.9641012474331484 0.012865327304388174
0 0.4032440461663062 0.15344536315304544 0.15556623100832112 0.008125469876455682
0 0.5700683596818085 0.17443616033388928 0.15761315510053586 0.006771224897046402
0 0.8177461748397935 0.3217103018446485 0.323414006569931 0.011511082324978794
0 0.077271384481107 0.3819742034283614 0.14226122440892527 0.006094102407341779
0 0.48614447190100357 0.6330537803792625 0.9681950956175777 0.018851090113377156
1 0.1541794399358457 0.33307497499031163 0.018575836136848926 0.5784386580550859
1 0.31702760340222086 0.33553292962793946 0.01733744706105916 0.5768000216300005
1 0.48421012863386004 0.3367619069467534 0.029721337818958523 0.5841738855428841
1 0.64891587571392 0.33962952069065255 0.02972133781895854 0.5849932037554266
1 0.8117640391802956 0.4813715714605249 0.02105261428842878 0.3031477386407672
1 0.14303393825373636 0.8111471520089273 0.016099057985269047 0.3498488767556964
1 0.31269324163695605 0.8103278337963847 0.016099057985269047 0.3498488767556964
1 0.47244543241385634 0.8136051066465552 0.016099057985269047 0.3498488767556964
1 0.6235288996602272 0.8136051066465552 0.016099057985269047 0.3498488767556964
1 0.8030953156497663 0.8136051066465552 0.016099057985269047 0.3498488767556964
