0 0.5032547370093075 0.021264994547437296 0.9545803054046046 0.016357688113413302
0 0.4986727515433654 0.45474372955288983 0.31615699715000495 0.01090512540894224
0 0.4956180945660707 0.6712104689203926 0.9576349623818993 0.018538713195201808
0 0.1122586439155815 0.6902944383860415 0.20313468899009987 0.010905125408942382
1 0.16847452422413065 0.8443295396169032 0.017734160444645344 0.23238843846663243
1 0.3306899329972095 0.8193775758712863 0.016690974536135886 0.2942097217766654
1 0.49134056290752587 0.818260323763274 0.01877734635315308 0.28899587860593995
1 0.6514695998635867 0.8186327411326113 0.021906904078679422 0.2867613743899134
1 0.810033857956886 0.818260323763274 0.021906904078679276 0.28601653965123847
1 0.1815143480804876 0.3567758398253747 0.02503646180420514 0.6077851467588847
1 0.34112179208229276 0.3418791450518694 0.02503646180420497 0.6360888668285322
1 0.5002076431298416 0.26665083644568566 0.021906904078680386 0.36794836090550037
1 0.663466237811427 0.3437412318985589 0.025036461804201604 0.6353440320898629
1 0.8199441240877084 0.3429963971598835 0.03338194907227079 0.6368337015672125
1 0.4965564924500683 0.5623502276997023 0.0187773463531538 0.2085537268290315
