0 0.5175561281586354 0.04853123288693501 0.9215456544813189 0.017503067598566728
0 0.31704009679203277 0.3273869234913731 0.18454572798342203 0.011933909726295511
0 0.7991066618769332 0.3436966001173103 0.37500638314580004 0.011138315744542453
0 0.7965265050439193 0.3886476600863567 0.1656179610107634 0.010342721762789466
0 0.8030329249407708 0.637668576375056 0.16680094644655455 0.00875153379928335
0 0.698930206591148 0.8337208578136162 0.17626482993288392 0.009547127781036408
1 0.8020112557007693 0.20220204637126063 0.007821391311016015 0.2597186965226843
1 0.8015909312920938 0.5225907205763068 0.015615407752442316 0.21878834498208355
1 0.8002896473127246 0.8083414097956942 0.010410271834962402 0.3255570573333412
1 0.6062949382654038 0.5139534883720931 0.013831823686663256 0.9286821705426357
1 0.41495471059989614 0.5124031007751938 0.01844243158221765 0.9348837209302325
1 0.2224618309604999 0.5178294573643412 0.016137127634440383 0.924031007751938
