0 0.06739770401746599 0.028351277250315266 0.5209042886773643 0.018428330212704923 0.9355715184797397 0.005670255450063053 0.9355715184797397 0.01701076635018916 0.5241143100507054 0.02879888117126494 0.06383695660119809 0.04200181560677694
0 0.057388779166733656 0.046802882674235866 0.4868373963020663 0.037600837461606286 0.49199593824963794 0.1720307153504558 0.05609914367984076 0.18523364978596782
0 0.05610559185727522 0.1906239228460878 0.2696047467123933 0.18446255344284887 0.2737896138673607 0.39923028692717755 0.05816256045886938 0.40803224321751885
0 0.06241835756561592 0.42167527546754796 0.2744989133851518 0.4163941016933431 0.2752082129029429 0.5532645220081509 0.06312765708340701 0.5576655001533216
0 0.06454625611898919 0.566027358629146 0.2752082129029429 0.5629466739275265 0.2780454109741073 0.6329222264357401 0.06596485515457137 0.6351227155083254
0 0.06596485515457137 0.6443647696131839 0.27946401000968946 0.6439246717986667 0.28301050759864493 0.790037146218333 0.070929951779109 0.7931178309199524
0 0.06809275370794464 0.8023960812818369 0.28301050759864493 0.8015158856528027 0.2879756042231825 0.9691931529838053 0.07518574888585555 0.9643520770241174
0 0.2766977418903042 0.1840377090626445 0.492066868201417 0.1796367309174738 0.4946461391752027 0.3564760345688771 0.27927701286409 0.36007683486947123
0 0.2805666483509829 0.3656780797815065 0.4965805924055421 0.36287745732548893 0.4998046811227744 0.4128885726115192 0.2831459193247686 0.41608928398982514
0 0.28443555481166155 0.42409106243558997 0.4991598633793279 0.42089035105728406 0.5010943166096673 0.4789032447890793 0.2837907370682151 0.48050360047823226
0 0.2825011015813222 0.49050582353543837 0.4998046811227744 0.48930555676857357 0.5036735875834529 0.643339791849547 0.28637000804200086 0.6421395250826822
0 0.2876596435288938 0.6517416592176002 0.5030287698400066 0.6529419259844649 0.5043184053268994 0.7609659350022904 0.2876596435288938 0.7581653125462728
0 0.2900556644654635 0.7693678023703433 0.5047799730331298 0.7713682469817846 0.5067144262634691 0.8393833637707857 0.2926349354392493 0.8365827413147682
0 0.29392457092614216 0.8495665652196209 0.5067144262634691 0.8535674544425034 0.5073592440069157 0.9703934197506701 0.2977934773868208 0.9723938643621114
0 0.4992345404394903 0.03740831423395069 0.9354537438810107 0.024645477612955748 0.9475118356834591 0.19848411434719718 0.5006531394750725 0.2090464618956068
0 0.5020717385106547 0.21872861381498226 0.946802536165668 0.21080685315367503 0.95460483086137 0.4405379123315839 0.5063275356174012 0.44405869484772054
0 0.5077461346529833 0.4550611402106471 0.9510583332724145 0.45154035769451056 0.9595699274859076 0.5998533211867622 0.5112926322419389 0.6016137124448304
0 0.5105833327241478 0.6104156687351717 0.7276289851682214 0.6108557665496889 0.7325940817927588 0.7257212961386433 0.5148391298308942 0.7274816873967116
0 0.741105676006252 0.6108557665496889 0.9624071255570721 0.6139364512513082 0.9624071255570721 0.7314425677273653 0.7418149755240431 0.729682176469297
0 0.5148391298308942 0.7355012134752426 0.7325940817927588 0.7368215069187939 0.7318847822749678 0.8142787222737976 0.5169670283842676 0.8133985266447635
0 0.5176763279020586 0.8222004829351048 0.7318847822749678 0.8244009720076904 0.734012680828341 0.9762347180160782 0.5198042264554319 0.9713936420563906
0 0.7425242750418342 0.7385818981768622 0.9638257245926541 0.7421026806929987 0.9652443236282364 0.8248410698222073 0.741105676006252 0.823080678564139
0 0.7453614731129986 0.8336430261125486 0.9631164250748632 0.8332029282980317 0.9659536231460275 0.9234229802740301 0.7460707726307896 0.9238630780885474
0 0.7616753620221937 0.9304645453063033 0.9489304347190413 0.9331051321934057 0.9489304347190413 0.9432273819272985 0.7595474634688205 0.9449877731853664
0 0.7453614731129986 0.9502689469595712 0.9645350241104453 0.9498288491450544 0.9645350241104453 0.9731540333144588 0.7474893716663719 0.9722738376854246
