0 0.04873856797482847 0.05343511450381679 0.6638529086226636 0.05343511450381679 0.6655335488976577 0.3980370774263904 0.042016006874852116 0.3980370774263904
0 0.04369664714984621 0.40676117775354415 0.6621722683476695 0.4078516902944384 0.6672141891726517 0.5441657579062159 0.35461509802375196 0.5452562704471101 0.35293445774875787 0.9683751363140675 0.042016006874852116 0.9694656488549618
0 0.6756173905476223 0.23107692535898872 0.982305541155513 0.23107692535898872 0.9798132803215516 0.7513631406761178 0.6756173905476222 0.7502726281352236
0 0.3596570188487342 0.5572519083969466 0.6672141891726517 0.5539803707742639 0.6588109877976813 0.9727371864776445 0.3596570188487342 0.9683751363140675
0 0.6757321888617401 0.7579807047952072 0.9818710312974998 0.7581136662921983 0.982248141998454 0.8327579086881594 0.6763716119495305 0.8316673961472651
0 0.6722561099976339 0.8397691453622735 0.9848552011465338 0.8407851690294439 0.9847978019894746 0.9013857098907709 0.6743138609735823 0.9019123439427872
0 0.6705754697226399 0.9083969465648855 0.9848552011465338 0.9094874591057799 0.9834942724154349 0.9480702987785073 0.673617038728733 0.9477511150972063
0 0.6722561099976339 0.9541984732824428 0.9882164816965219 0.9541984732824428 0.986535841421528 0.9727371864776445 0.6722561099976339 0.9770992366412213
0 0.6756173905476222 0.05452562704471101 0.9816555941107734 0.05277031651338944 0.9826826518564673 0.2240444604984693 0.6777325406806295 0.2247785449212004 0.6772861233930617 0.22044099853943094
0 0.06044853946873423 0.02659191961709443 0.9753730436311013 0.030580707559658596 0.9743484921146822 0.04454146535863317 0.05839943643589578 0.04387666736820581
