0 0.017751502812482712 0.020619110727502013 0.48115915518045244 0.0186860690967987 0.9099980915451664 0.022552152358205325 0.9099980915451664 0.03415040214242521 0.49704207874951595 0.03286170772195633 0.014948633947353861 0.03286170772195633
0 0.011211475460515397 0.0425269158754729 0.4718162589633563 0.045748651926645095 0.4783562863153239 0.6617177146269201 0.7025857955256317 0.6636507562576235 0.7025857955256317 0.8137836562422475 0.47275054858506615 0.8144280034524819 0.475553417450195 0.9671382922780435 0.01027718583880578 0.9677826394882778
0 0.5002696247154219 0.04144859746816247 0.9062609330583278 0.04789206957050685 0.9105077040660988 0.14981608282577247 0.505365749924747 0.14630146167903918
0 0.48073447807967534 0.16211725683933903 0.6964704452744414 0.1650461077949501 0.7041146330884289 0.5188513032327687 0.48498124908744633 0.5182655330416465
0 0.48243318648278366 0.5317382474374575 0.6973197994759954 0.5334955580108242 0.7007172162822123 0.6500638260441451 0.48243318648278366 0.6512353664263896
0 0.7007172162822123 0.1644603376038279 0.9249467254925203 0.1644603376038279 0.9291934965002911 0.305630953664282 0.7075120498946458 0.30445941328203757
0 0.7092107582977544 0.31500327672223744 0.9266454338956287 0.31910366806009294 0.9342896217096164 0.4350861659022918 0.7134575293055253 0.4333288553289251
0 0.7100601124993084 0.44797311010698043 0.9308922049033996 0.44797311010698043 0.9359883301127249 0.5434536512599019 0.7100601124993084 0.5393532599220463
0 0.7075120498946458 0.555169055082346 0.9342896217096164 0.557512135846835 0.9342896217096164 0.6541642173820006 0.9206999544847493 0.657678838528734 0.711758820902417 0.655335757764245
0 0.7092107582977544 0.6699800125423004 0.928344142298737 0.668808472160056 0.9308922049033996 0.7115696961119778 0.7100601124993084 0.7115696961119778
0 0.7075120498946458 0.7209420191699333 0.9300428507018453 0.7203562489788111 0.9300428507018453 0.8152510199406102 0.7100601124993084 0.8129079391761214
0 0.4790357696765669 0.8283693340011906 0.9266454338956287 0.8266120234278239 0.9249467254925203 0.9595818568125671 0.48158383228122953 0.9648537885326671
0 0.39749776632736405 0.9847699750308224 0.6030414831034797 0.9847699750308224 0.6030414831034797 0.9988284596177557 0.3957990579242557 1.0
