0 0.46871699101220665 0.03340342412184538 0.5362133799645467 0.031951101333939066 0.5362133799645467 0.04453789882912718 0.4674189835323539 0.04356968363718963
0 0.03065774691519842 0.05034718998075247 0.18924166448436644 0.049181224129674676 0.1804647544027179 0.5118295051757152 0.02784404020516239 0.5154666771965174
0 0.025960149597053856 0.526676966150081 0.17977403595959796 0.526676966150081 0.18107204343945063 0.7711513021143116 0.027907160816832897 0.7721195173062492
0 0.0266091533369802 0.7816674742180831 0.18172104717937698 0.7811833666221143 0.18301905465922969 0.9714376518378424 0.029854172036611937 0.9719217594338112
0 0.18925598059992194 0.0539894262273353 0.3455295911367869 0.05223211565396866 0.34160311851023245 0.4605139388661534 0.1845442134480566 0.4628570196306423
0 0.1845442134480566 0.4781368409237672 0.3400325294596107 0.477551070732645 0.3423884130355434 0.8793313406288235 0.18768539154930014 0.8758167194820902
0 0.188470686074611 0.8904609742601456 0.3408178239849215 0.8910467444512677 0.34160311851023245 0.9730545712083779 0.1892559805999219 0.9742261115906224
0 0.34860074340972125 0.051050929332817956 0.6702131821471393 0.046968118960890426 0.6667679902136052 0.8899482818649426 0.8302913853251048 0.890693553093848 0.8296253022492944 0.9754060494461158 0.4999141797230524 0.9754060494461158 0.34471682305918505 0.9734186595023676
0 0.6744597240529447 0.2993168666358287 0.9892914382912152 0.30038190334696 0.9928609588608103 0.33180048632533343 0.6737458199390257 0.3328655230364647
0 0.6726410986481668 0.3468676693333923 0.9942887670886481 0.34943211132181046 0.9907192465190532 0.9776342290662428 0.8343742455707964 0.9781667474218083 0.8329464373429585 0.8775207782199004 0.6694623952555118 0.8780532965754659
0 0.4072867537106758 0.9839964431084702 0.5906266531940012 0.9839964431084702 0.5916018654252955 0.9974539795854382 0.4063115414793815 0.9970902623833581
