0 0.014515536102709609 0.04558011049723757 0.26312521196217736 0.056058207290396095 0.2611904677565731 0.21650066263877116 0.016445325747636085 0.21070153774666117
0 0.27086418878459434 0.06443472102344379 0.7661587054192812 0.06830080428485041 0.771962938036094 0.21907805147970888 0.26312521196217736 0.2145676210080678
0 0.771962938036094 0.06701210986438154 0.9722089633161333 0.06765645707461598 0.9780131959329459 0.22616587079228773 0.7835714032697194 0.22358848195134995
0 0.01838006995324033 0.21650066263877116 0.5968685874289097 0.22420595887773664 0.5939664711205034 0.3575858313962652 0.40339416686848517 0.35629713697579646 0.3917857016348597 0.9787365420622635 0.212821862616467 0.9838913197441389 0.0638465587849401 0.9877574030055457 0.014510581542031841 0.9838913197441389
0 0.40436153897128724 0.36853973397025075 0.5910643548120971 0.36725103954978183 0.5852601221952842 0.9020592240443654 0.3956551900460682 0.9027035712545998
0 0.4014594226628809 0.9097913905671785 0.5871948664008885 0.9104357377774132 0.5862274942980864 0.978092194852029 0.39855730635447456 0.9761591532213258
0 0.6017054479429204 0.2248503060879711 0.9741437075217376 0.22807204213914326 0.9751110796245396 0.4297527189425223 0.5968685874289097 0.4297527189425223
0 0.5978359595317119 0.43426314941416344 0.9722089633161333 0.43619619104486673 0.9760784517273419 0.6198351459616815 0.5949338432233056 0.6217681875923848
0 0.5978359595317119 0.6282116596947291 0.9722089633161333 0.6256342708537914 0.9751110796245396 0.7467715463778659 0.5968685874289097 0.7454828519573968
0 0.5949338432233056 0.7538593656904446 0.9751110796245396 0.7532150184802103 0.9693068470077271 0.9774478476417946 0.9102971487367975 0.9845356669543733 0.592031726914899 0.9793808892724979
0 0.39275307373766183 0.9838913197441389 0.6123465410737438 0.9864687085850767 0.6123465410737438 0.9987113055795309 0.39081832953205764 0.9987113055795309
