0 0.05380388540210677 0.016753027466095385 0.5085989921972734 0.009665208153516569 0.9420755783614166 0.009665208153516569 0.9420755783614166 0.02126345793773645 0.6009792482650417 0.019974763517267572 0.047712879507528644 0.02770693004008083
0 0.047712879507528644 0.0425269158754729 0.2253672180993906 0.04059387424476959 0.21971608813991728 0.5442717590105702 0.04298913615461644 0.5442717590105702
0 0.0402156434994799 0.5545232462915043 0.22187941241092354 0.5549633441060213 0.22187941241092357 0.9313447409353376 0.04368250931840057 0.930024447491786
0 0.05824334575786744 0.934865523451474 0.21633242710065048 0.9366259147095423 0.21702580026443463 0.9639119792096005 0.05824334575786744 0.961271392322498
0 0.2362571983351515 0.04041814318743292 0.46789999826531953 0.03456044127621076 0.6026404316908356 0.03397467108508854 0.6026404316908356 0.22962191491990874 0.5971031536048556 0.6127156199138382 0.2242597624821946 0.6133013901049604
0 0.2270284015251846 0.6238452535451602 0.5998717926478455 0.6256025641185269 0.6007946723288423 0.7310411985205257 0.228874160887178 0.7351415898583812
0 0.23071992024917137 0.7375749543772473 0.5934116348808688 0.7369891841861249 0.5952573942428622 0.9724688010172557 0.23256567961116473 0.970125720252767
0 0.6091896713216688 0.0328072916276359 0.7919880508647591 0.0272060467156005 0.9558762532137368 0.03640809192823008 0.9647010025709895 0.11042454255155496 0.9375964152594277 0.10522338656180782 0.6091896713216688 0.10282285302807835
0 0.6072986536022574 0.10482329763951957 0.8140499242578908 0.10642365332867254 0.9382267544992315 0.10802400901782554 0.9634403240913819 0.11282507608528443 0.9691133772496159 0.30486775878364086 0.6104503498012763 0.30006669171618194
0 0.603390550315474 0.3040094558408415 0.9681048344659297 0.30797033617149505 0.9743451929399869 0.5029336680025558 0.6040839234792581 0.49721239641383375
0 0.60269717715169 0.49985298330093625 0.9729584466124186 0.5038138636315899 0.9764253124313393 0.6943762173174798 0.6075507892981789 0.6930559238739284
0 0.6047772966430423 0.6952564129465137 0.9771186855951235 0.6983370976481333 0.9771186855951235 0.8110021381645026 0.6068574161343947 0.8074813556483662
0 0.6047772966430423 0.8103178419431442 0.975038566103771 0.8133985266447635 0.9833590440691807 0.9779951092741465 0.6117110282808836 0.9744743267580099
0 0.3870581232148236 0.9828361852338344 0.6158712672635884 0.9823960874193173 0.6158712672635884 0.9982396087419316 0.3870581232148236 0.9991198043709657
